	avg_B cell	avg_Dendritic cell	avg_Monocyte	avg_NK cell	avg_T cell
KLRG1	0.08377718180418015	0.06932685524225235	0.05627243593335152	1.0926910638809204	0.5220186114311218
LINC00921	0.03236321359872818	0.06957973539829254	0.0430506132543087	0.058850858360528946	0.0459250807762146
VNN3	0.0	0.0	0.09894018620252609	0.0	0.00046660128282383084
APOL6	0.053255848586559296	0.5482494235038757	0.2674374282360077	0.4791422486305237	0.300896018743515
CD37	2.4630861282348633	2.2503437995910645	1.9056463241577148	1.7989140748977661	1.9322782754898071
HSPA6	0.012129025533795357	0.3220546245574951	0.13597765564918518	0.05134383961558342	0.014769666828215122
SMPDL3B	0.0017065739957615733	0.0	0.0	0.014946394599974155	0.0008369484567083418
IGHE	0.01851637102663517	0.0	0.0	0.0	0.00047622391139157116
CPA3	0.0	0.0	0.00133328209631145	0.0	0.0008626551716588438
TRAF4	0.21545325219631195	0.07879072427749634	0.02734016254544258	0.08810124546289444	0.062443770468235016
TNFAIP6	0.0018375975778326392	0.009986204095184803	0.1061682477593422	0.0	0.0013382413890212774
CD68	0.14127494394779205	2.258450746536255	1.5930554866790771	0.05815454572439194	0.1403457075357437
CD4	0.08355303108692169	1.253101110458374	0.9911566972732544	0.042781803756952286	0.33395835757255554
MNDA	0.2644055187702179	2.0479493141174316	2.3659627437591553	0.17627815902233124	0.23900152742862701
TNFRSF17	0.18136578798294067	0.0	0.0026536183431744576	0.0	0.006512061692774296
RYR1	0.00530340988188982	0.1181776151061058	0.025416038930416107	0.00663071870803833	0.022555222734808922
FES	0.08121096342802048	0.4002320170402527	0.47587528824806213	0.2630441188812256	0.07135964184999466
DPEP2	0.285915344953537	0.8868986368179321	0.37504905462265015	0.23451654613018036	0.25290369987487793
TCL1A	1.6250027418136597	0.20870260894298553	0.12165959179401398	0.08293358981609344	0.11201216280460358
IL18R1	0.0051507847383618355	0.01065993495285511	0.008942912332713604	0.19008943438529968	0.04738249257206917
SIK1	0.012296783737838268	0.11000387370586395	0.05435215309262276	0.021953586488962173	0.021662473678588867
P2RY14	0.10881393402814865	0.0	0.009012105874717236	0.014106383547186852	0.026242157444357872
BACH2	0.37427476048469543	0.05945803225040436	0.022078773006796837	0.0656743198633194	0.16607864201068878
BRAF	0.13040369749069214	0.07902597635984421	0.08982416987419128	0.10254237800836563	0.10513322055339813
CLEC10A	0.030504796653985977	0.14208929240703583	0.10351255536079407	0.013597825542092323	0.06295569986104965
CCL23	0.0	0.0	0.0027061786968261003	0.0	0.0009307236759923398
MAP3K13	0.2014351785182953	0.3686862885951996	0.3014000356197357	0.14583565294742584	0.22121460735797882
GZMA	0.14203566312789917	0.11857197433710098	0.16971249878406525	2.3349714279174805	0.7180992960929871
NPIPB15	0.005370346829295158	0.019846798852086067	0.010450049303472042	0.007273795548826456	0.009306436404585838
OSM	0.022917671129107475	0.04945742338895798	0.13077284395694733	0.06466549634933472	0.08760156482458115
LTB	2.335665225982666	1.8505315780639648	0.9555426239967346	1.0418108701705933	2.217468023300171
SIGLEC1	0.0	0.0	0.028596321120858192	0.0	0.004022715147584677
IL2RB	0.06507588922977448	0.03899769112467766	0.05458301305770874	1.8159805536270142	0.3029751181602478
EPB41	0.25222545862197876	0.2283283770084381	0.17888914048671722	0.40800657868385315	0.4522743821144104
IL1B	0.06890765577554703	0.7564652562141418	1.3166979551315308	0.07338570803403854	0.137250155210495
GPR18	0.3725736737251282	0.029428036883473396	0.02332780696451664	0.11583001911640167	0.12779097259044647
CTLA4	0.003544070990756154	0.0	0.002618568716570735	0.014035142958164215	0.03809633105993271
RPL10L	0.00909843947738409	0.009851265698671341	0.002653546864166856	0.0	0.006500763352960348
CD72	0.8113048672676086	0.019805192947387695	0.04034886136651039	0.1097978949546814	0.04510612040758133
CRTAM	0.01566210389137268	0.09821531176567078	0.0887620598077774	0.16053688526153564	0.195485457777977
UPK3A	0.003594400826841593	0.21805426478385925	0.2150583565235138	0.0	0.050279855728149414
KLRF1	0.033916302025318146	0.04002448916435242	0.0416993647813797	2.1939361095428467	0.1044313982129097
FRMD8	0.18892386555671692	0.2696146070957184	0.13637791574001312	0.2191915512084961	0.22725790739059448
ZBP1	0.1627650111913681	0.06921450048685074	0.030891120433807373	0.41598471999168396	0.13480143249034882
HIST1H2AE	0.05224863067269325	0.049557775259017944	0.03394291549921036	0.04355631396174431	0.04129081219434738
MS4A6A	0.07379204034805298	0.5728052854537964	1.9190421104431152	0.07396590709686279	0.1450992375612259
KLRB1	0.1839752197265625	0.230769082903862	0.20677639544010162	2.313929557800293	0.6683662533760071
MEFV	0.00871653575450182	0.36766475439071655	0.18737562000751495	0.0074189892038702965	0.015163279138505459
CD1C	0.32771486043930054	0.059531234204769135	0.11643171310424805	0.04381072521209717	0.0793912410736084
CD300A	0.05715082585811615	1.391493320465088	0.42214101552963257	1.296982765197754	0.21602880954742432
LILRA2	0.05643653869628906	1.3490732908248901	0.6292741298675537	0.013940326869487762	0.06852065771818161
VILL	0.09003765136003494	0.07961152493953705	0.05517207458615303	0.07196860015392303	0.09669799357652664
DENND5B	0.12035956233739853	0.00999857671558857	0.006485867314040661	0.0	0.00913095474243164
KIR2DL4	0.0018628204707056284	0.0	0.0	0.051041096448898315	0.0008575856918469071
PTGDR	0.015970569103956223	0.019396206364035606	0.01039243582636118	1.2328332662582397	0.13198481500148773
CD86	0.13571926951408386	0.9447096586227417	0.5858502984046936	0.028339611366391182	0.06529264152050018
CCL4	0.10015864670276642	0.2614372968673706	0.3397062420845032	1.784243106842041	0.3107674717903137
ZNF324	0.05029549449682236	0.05898327752947807	0.026957903057336807	0.058834634721279144	0.10828926414251328
GRAP2	0.21446089446544647	0.009833206422626972	0.05214652046561241	0.33488884568214417	0.5512264370918274
CD27	0.5248875617980957	0.17882408201694489	0.1387738287448883	0.21081040799617767	1.4278225898742676
PLEKHG3	0.010472589172422886	0.05963614210486412	0.07564524561166763	0.44131505489349365	0.07947183400392532
FFAR2	0.0018543233163654804	0.17923370003700256	0.05462171137332916	0.0	0.0049204095266759396
LAMP3	0.0018513946561142802	0.0	0.0012736364733427763	0.0	0.007415159605443478
GNG7	0.8751556277275085	0.05096801742911339	0.06004766747355461	0.013864860869944096	0.07906051725149155
AQP9	0.0018242334481328726	0.019606396555900574	0.12224765866994858	0.0	0.0017722640186548233
CLEC4A	0.15599805116653442	1.0717217922210693	1.1950093507766724	0.07234424352645874	0.11498959362506866
CD160	0.026914004236459732	0.029067883267998695	0.013049077242612839	1.4453740119934082	0.1479375958442688
ZNF442	0.007370088715106249	0.0097635043784976	0.001294643385335803	0.0	0.00840036291629076
TPSAB1	0.0	0.0	0.0	0.0	0.0010113513562828302
ARHGAP22	0.0384182333946228	0.009829042479395866	0.02470363862812519	0.0	0.01256504375487566
MAP4K2	0.37451794743537903	0.36849692463874817	0.06872037798166275	0.09328407049179077	0.253936231136322
CD247	0.167169988155365	0.1683458685874939	0.13175341486930847	2.0306191444396973	1.046441912651062
AIM2	0.22104576230049133	0.10038292407989502	0.024993760511279106	0.006938812788575888	0.025745678693056107
TREM1	0.0255300123244524	0.18708185851573944	0.47066959738731384	0.014000657014548779	0.03441175818443298
MANEA	0.026728147640824318	0.03908707574009895	0.031349118798971176	0.0215782318264246	0.04959159344434738
CD28	0.024651769548654556	0.0873679369688034	0.020531246438622475	0.021445559337735176	0.3119223117828369
MSC	0.005315358284860849	0.0	0.0013952560257166624	0.0	0.0163118839263916
FCER2	1.261936068534851	0.07005496323108673	0.0471416600048542	0.03658004850149155	0.03236425668001175
CD3D	0.40676212310791016	0.5590177774429321	0.4192347824573517	0.35737544298171997	2.1588940620422363
CXorf57	0.016298653557896614	0.0	0.0026462252717465162	0.007308689411729574	0.02084297500550747
CSF1	0.0	0.0	0.0025447902735322714	0.0	0.021314887329936028
ELANE	0.005321593955159187	0.029759828001260757	0.11646521836519241	0.007325425744056702	0.0031896803993731737
CFP	0.10835729539394379	2.0121164321899414	1.6626311540603638	0.08853977173566818	0.25881293416023254
FAM198B	0.01431873720139265	0.3725880980491638	0.600174605846405	0.021258478984236717	0.02153838612139225
FRMD4A	0.0	0.0206559207290411	0.0	0.0	0.007470224518328905
ST3GAL6	0.01463468186557293	0.22765688598155975	0.24890939891338348	0.0	0.030720625072717667
ARRB1	0.023005500435829163	0.7113193273544312	0.3203705847263336	0.24738816916942596	0.0807352364063263
KLRK1	0.010733318515121937	0.0	0.002578931860625744	0.07972011715173721	0.034290529787540436
TNFRSF11A	0.0	0.0	0.0	0.029283935204148293	0.002267563482746482
IL7R	0.23664267361164093	0.2102167308330536	0.21056467294692993	0.2741411328315735	1.5845714807510376
CD79A	2.4059066772460938	0.24794423580169678	0.15424585342407227	0.15550696849822998	0.2216099500656128
DACH1	0.0035901202354580164	0.0	0.009277230128645897	0.0	0.0017923895502462983
S100A12	0.1672249734401703	0.4827668070793152	2.2385287284851074	0.13185188174247742	0.20673243701457977
VNN1	0.0018021975411102176	0.04966915026307106	0.07989493757486343	0.0	0.005205431487411261
VNN2	0.1786171793937683	0.22895467281341553	0.45181113481521606	0.13822288811206818	0.1455272138118744
IFNG	0.01599891483783722	0.0195563156157732	0.01552699413150549	0.5941178202629089	0.10891701281070709
RALGPS2	1.2771121263504028	0.03955989331007004	0.030246691778302193	0.09399937838315964	0.06099114939570427
ETS1	0.5727924704551697	0.11945117264986038	0.08071457594633102	0.9795563220977783	1.106598138809204
DHRS11	0.01809488795697689	0.01956457830965519	0.015561316162347794	0.0074219414964318275	0.028315236791968346
SERGEF	0.12007240206003189	0.19678817689418793	0.08976572751998901	0.19605493545532227	0.192952960729599
CCND2	0.10395356267690659	0.05935455858707428	0.07405927777290344	0.49184170365333557	0.3572140038013458
EGR2	0.038077227771282196	0.11957310140132904	0.05339359492063522	0.029529497027397156	0.026001647114753723
ZAP70	0.14302104711532593	0.10912567377090454	0.10412381589412689	1.4368683099746704	0.7780585289001465
STEAP4	0.014575650915503502	0.0	0.1232183501124382	0.007450956851243973	0.010574692860245705
FPR3	0.0	0.010121244005858898	0.01927528716623783	0.0	0.003057443303987384
KCNA3	0.0363035686314106	0.050225310027599335	0.024689828976988792	0.044223539531230927	0.09428969770669937
PLA2G7	0.014519919641315937	0.09836529940366745	0.41720664501190186	0.021172882989048958	0.01631706766784191
COLQ	0.010782073251903057	0.0	0.005193683784455061	0.17482486367225647	0.014460820704698563
HIC1	0.005358092952519655	0.02000422775745392	0.0012906708288937807	0.10987693071365356	0.011082177981734276
NCR3	0.3794228434562683	0.09059134125709534	0.05088767409324646	1.2604626417160034	0.3149975538253784
C1orf54	0.023126263171434402	0.2131013572216034	0.22364364564418793	0.021841103211045265	0.046237196773290634
ZNF135	0.03871435672044754	0.0	0.005230947397649288	0.06550540775060654	0.028437182307243347
SELL	1.6472723484039307	0.9040725231170654	1.601858377456665	1.1803611516952515	1.5796535015106201
PADI4	0.025133248418569565	0.02927073836326599	0.22974734008312225	0.03572699427604675	0.0828598141670227
ZFP36L2	1.3930870294570923	1.953878402709961	1.9174169301986694	1.8180022239685059	2.0984411239624023
PPBP	0.027392907068133354	0.09069940447807312	0.07788757979869843	0.022764315828680992	0.025863042101264
CDA	0.04470650479197502	1.3997421264648438	1.1423521041870117	0.03654340282082558	0.05247875303030014
ST6GALNAC4	0.14887793362140656	0.07939568161964417	0.06763199716806412	0.11618707329034805	0.12503907084465027
CCL19	0.0016921270871534944	0.0	0.003917258698493242	0.0	0.0008539737900719047
HRH1	0.0	0.010041676461696625	0.005031130276620388	0.0	0.0009379143011756241
CD244	0.028607692569494247	0.399091511964798	0.09916657954454422	0.6692160367965698	0.10658181458711624
TRBC1	0.2598205804824829	0.3124150037765503	0.2223915159702301	1.32785964012146	1.2729580402374268
CD40LG	0.03514367341995239	0.0	0.02588227018713951	0.007319795433431864	0.42689454555511475
PKD2L2	0.0072402143850922585	0.0	0.0013844039058312774	0.0	0.00702050281688571
MMP25	0.0018270791042596102	0.0	0.011678357608616352	0.014641310088336468	0.00508006801828742
WNT5B	0.0	0.020116392523050308	0.003859117394313216	0.0	0.0012787282466888428
FAM174B	0.007103477604687214	0.019818410277366638	0.01431326661258936	0.007439213339239359	0.0214493740350008
P2RY10	0.5171398520469666	0.12108413130044937	0.020426370203495026	0.06616412103176117	0.21448634564876556
DUSP2	0.36853650212287903	0.4633726179599762	0.48603665828704834	1.1741524934768677	1.1394397020339966
CCR7	0.6229168772697449	0.1489509493112564	0.09013064205646515	0.10126260668039322	0.9492324590682983
CDK6	0.06823615729808807	0.22846916317939758	0.04666724428534508	0.1671231985092163	0.15191590785980225
TEC	0.019720589742064476	0.010031826794147491	0.009106183424592018	0.014548090286552906	0.01059020683169365
MAP9	0.1000712439417839	0.0	0.005102571099996567	0.05849352478981018	0.07491332292556763
HTR2B	0.0016956161707639694	0.0	0.0	0.0	0.0013607009314000607
GZMK	0.11663352698087692	0.16017921268939972	0.10464470833539963	0.44745534658432007	0.5612729787826538
HESX1	0.003572275163605809	0.0	0.0038775322027504444	0.0	0.0013537706108763814
EPN2	0.055643949657678604	0.0	0.005130475852638483	0.007435225415974855	0.018229402601718903
GPR171	0.025149399414658546	0.020258449018001556	0.011752653867006302	0.03660830110311508	0.28697454929351807
IDO1	0.0017873442266136408	0.021111106500029564	0.00529191829264164	0.0	0.009203322231769562
TRPM4	0.005436937790364027	0.03000548668205738	0.07797064632177353	0.0	0.0141995744779706
HPGDS	0.0	0.0	0.001348821446299553	0.0	0.0037423770409077406
CD79B	2.3849287033081055	1.4047585725784302	0.21909840404987335	0.5303266644477844	0.3803319036960602
APOBEC3A	0.009005110710859299	0.9737566113471985	0.3844420909881592	0.04234332591295242	0.019723808392882347
TRAV21	0.0017364583909511566	0.0	0.0012749421875923872	0.0	0.0069763208739459515
PRF1	0.09501170367002487	0.1768103539943695	0.08154314011335373	2.295091390609741	0.4378647804260254
UGT2B17	0.006953238509595394	0.0	0.0	0.0	0.00039552641101181507
MARCO	0.01795014925301075	0.3045094311237335	0.2606973350048065	0.0	0.0132004888728261
CD6	0.17915746569633484	0.06869260966777802	0.07908017933368683	0.29907694458961487	0.8532339334487915
PIK3IP1	0.45573490858078003	0.43804121017456055	0.1827244758605957	0.40212076902389526	1.1400758028030396
IL5RA	0.0036089413333684206	0.0	0.0	0.0	0.0027481194119900465
CXCR5	0.3008590638637543	0.0	0.011889847926795483	0.007399087771773338	0.026092175394296646
NCF2	0.08761455118656158	1.6194576025009155	1.202951431274414	0.04309653490781784	0.12045293301343918
TLR7	0.07425662130117416	0.1390046328306198	0.12347180396318436	0.0	0.007273682858794928
CD22	1.5349591970443726	0.08892819285392761	0.04428648203611374	0.028447791934013367	0.053407955914735794
ITK	0.0578608363866806	0.029930366203188896	0.024449899792671204	0.2624012529850006	0.5126488208770752
SAMSN1	0.14260342717170715	0.8858591914176941	0.3081599473953247	0.16110599040985107	0.28469118475914
CD1A	0.027366600930690765	0.009744299575686455	0.023121004924178123	0.0	0.003959250170737505
ADRB2	0.08664575964212418	0.4683648645877838	0.15241150557994843	0.4370332658290863	0.11773781478404999
WNT7A	0.0035132677294313908	0.0	0.0063249957747757435	0.0	0.05141696706414223
CXCL10	0.0	0.15751229226589203	0.017497969791293144	0.0	0.001834594295360148
CTSG	0.0	0.0	0.0012701425002887845	0.0	0.0013480454217642546
CLIC2	0.0053401486948132515	0.257045179605484	0.038473475724458694	0.014732909388840199	0.04254458472132683
PRR5L	0.016009174287319183	0.2993992269039154	0.016815710812807083	0.24905352294445038	0.0609540194272995
STXBP6	0.001832361682318151	0.0	0.0051307035610079765	0.007284129038453102	0.0014205867191776633
CYP27A1	0.0034875343553721905	0.0	0.10747137665748596	0.007369937840849161	0.004575902596116066
PPFIBP1	0.06250777840614319	0.0	0.0050787716172635555	0.014999034814536572	0.014389609917998314
ZNF222	0.019771140068769455	0.0	0.010276440531015396	0.02213730849325657	0.018657350912690163
GPR183	0.5495204925537109	0.13813230395317078	0.32044851779937744	0.26283589005470276	0.655044436454773
IGHD	2.06390118598938	0.11852525919675827	0.07823446393013	0.04531010240316391	0.09813903272151947
P2RY13	0.010769952088594437	0.7045141458511353	0.48507481813430786	0.014364778995513916	0.04638628661632538
NKG7	0.3481082022190094	0.8991969227790833	0.5211479067802429	2.603633403778076	0.8938437104225159
SLC15A3	0.05714292451739311	0.47673922777175903	0.28551480174064636	0.014478442259132862	0.030157925561070442
REPS2	0.016250740736722946	0.049325115978717804	0.033904995769262314	0.0	0.00358934816904366
RASGRP3	0.5147903561592102	0.01984560303390026	0.01426784135401249	0.02932547964155674	0.03851355239748955
BARX2	0.0	0.0	0.0	0.0	0.0014256099238991737
CD19	0.9351831078529358	0.029599202796816826	0.021850138902664185	0.028953909873962402	0.02937486581504345
RASSF4	0.02890680730342865	0.5922467112541199	0.5257458686828613	0.36035609245300293	0.06462664157152176
TRDC	0.07243937999010086	0.11984781920909882	0.07799223810434341	2.022783041000366	0.274829626083374
CHI3L2	0.3280070424079895	0.03889662027359009	0.06782084703445435	0.7809587121009827	0.2262568473815918
EBI3	0.021464256569743156	0.009761250577867031	0.0	0.0	0.0
PLCH2	0.03982241451740265	0.009679518640041351	0.006494059227406979	0.058167826384305954	0.03605247288942337
SEC31B	0.02312067709863186	0.019680172204971313	0.025991983711719513	0.028711237013339996	0.04689992591738701
GZMH	0.030949926003813744	0.11911093443632126	0.05385677516460419	1.2296661138534546	0.20961475372314453
ICA1	0.0018004495650529861	0.0	0.018240155652165413	0.05103175342082977	0.02400854416191578
FPR1	0.02139209769666195	0.47885969281196594	0.7171289920806885	0.028819862753152847	0.02898710034787655
IGKC	2.073629856109619	0.9355834126472473	0.6938547492027283	0.5493014454841614	0.6114794015884399
CXCR2	0.00179186905734241	0.029679691419005394	0.03668695688247681	0.09544157981872559	0.005787672474980354
CD2	0.1639193445444107	0.16276827454566956	0.1224597841501236	0.8810312151908875	1.4212274551391602
BIRC3	1.2033785581588745	0.46503928303718567	0.24766872823238373	0.10926206409931183	0.5322779417037964
HHEX	0.7679408192634583	1.0415810346603394	0.4662676453590393	0.07984521985054016	0.0755547508597374
FAM124B	0.0	0.009874560870230198	0.0064364089630544186	0.0	0.004363655112683773
C11orf80	0.13768425583839417	0.019895512610673904	0.009026243351399899	0.03584260120987892	0.03417893499135971
KLRD1	0.08849383890628815	0.09027161449193954	0.05616166442632675	2.354576587677002	0.37585631012916565
KYNU	0.21561720967292786	0.8864170908927917	0.3706244230270386	0.00663071870803833	0.05402350425720215
BANK1	1.6267908811569214	0.03891267254948616	0.0529743991792202	0.05055940896272659	0.0673893541097641
GIPR	0.00347620970569551	0.0	0.0	0.007030258886516094	0.015291405841708183
RASA3	0.23984618484973907	0.3773552179336548	0.13033854961395264	0.5783657431602478	0.5443693399429321
IL17A	0.0	0.0	0.0	0.0	0.0017145539168268442
ABCB4	0.2534125745296478	0.0	0.006477902643382549	0.0	0.010586105287075043
MXD1	0.07052835822105408	0.279674768447876	0.368324875831604	0.12431217730045319	0.08467824012041092
P2RX5	0.8552793264389038	0.04039878770709038	0.024677550420165062	0.02866354025900364	0.08259029686450958
RASGRP2	1.1476622819900513	1.273885726928711	0.5480854511260986	0.8122240900993347	0.8839902281761169
ACAP1	1.224569320678711	0.36126136779785156	0.29729896783828735	1.6405609846115112	1.5954809188842773
CD7	0.21595582365989685	0.30608606338500977	0.25474289059638977	2.3454015254974365	1.5947949886322021
GZMB	0.07585260272026062	0.10062222182750702	0.09700588881969452	1.9675638675689697	0.16019970178604126
IGSF6	0.04448436573147774	1.5744624137878418	1.0879998207092285	0.04437413066625595	0.11429107189178467
BRSK2	0.0	0.0	0.0	0.0	0.0013377126306295395
SCN9A	0.0018314874032512307	0.0	0.007887890562415123	0.0	0.006123827770352364
KLRC4	0.0034242926631122828	0.019380250945687294	0.007764043752104044	0.11738245189189911	0.047672610729932785
TRPM6	0.0017513481434434652	0.0	0.0025258834939450026	0.0	0.00047167332377284765
RRP9	0.10731595754623413	0.20863749086856842	0.06778725981712341	0.12389559298753738	0.1320286989212036
NR4A3	0.012541048228740692	0.07928384095430374	0.033897221088409424	0.028987912461161613	0.029649440199136734
GALR1	0.003716625738888979	0.0	0.0012642501387745142	0.0	0.0023058606311678886
IL18RAP	0.008999601006507874	0.019941022619605064	0.0052740005776286125	0.5919315814971924	0.03787902742624283
ATHL1	0.20461143553256989	0.2101447433233261	0.09472564607858658	0.277614027261734	0.2646969258785248
NIPSNAP3B	0.05036765709519386	0.010121244005858898	0.005163216032087803	0.0	0.0069888196885585785
EAF2	1.232183575630188	0.5288086533546448	0.1797569841146469	0.05058518797159195	0.09108742326498032
IGHM	2.2373504638671875	0.2592962384223938	0.22192034125328064	0.1608506441116333	0.2584550380706787
ICOS	0.021293874830007553	0.04908019304275513	0.014226755127310753	0.02796041965484619	0.19582442939281464
UBASH3A	0.024920370429754257	0.0294966883957386	0.00775060523301363	0.021158739924430847	0.253376305103302
SPOCK2	0.34197601675987244	0.13852056860923767	0.09662765264511108	0.5753530263900757	1.0356343984603882
RAB27B	0.0106577193364501	0.0	0.0052047367207705975	0.21215307712554932	0.01958610862493515
CLC	0.0	0.0	0.0	0.0	0.0013587302528321743
CXCL9	0.0	0.020334841683506966	0.0028770463541150093	0.0	0.0009435781976208091
CCL5	0.36020421981811523	0.602977454662323	0.39488571882247925	1.8633710145950317	0.9933822154998779
FASLG	0.003642614930868149	0.009701794944703579	0.002685698913410306	0.3581725060939789	0.0240816418081522
CD96	0.1135304868221283	0.058837197721004486	0.06683439016342163	0.5444045662879944	0.6428102254867554
NOD2	0.007087833248078823	0.11757644265890121	0.13984321057796478	0.0073394146747887135	0.01831868849694729
ACP5	0.3983463644981384	0.16894467175006866	0.13414888083934784	0.13173766434192657	0.14794093370437622
MICAL3	0.3113788962364197	0.0199141688644886	0.014152709394693375	0.06525110453367233	0.06144595146179199
SIRPG	0.02069607935845852	0.039292316883802414	0.00658779451623559	0.02155064046382904	0.2675524652004242
CEACAM3	0.0036998384166508913	0.30935630202293396	0.019269518554210663	0.00663071870803833	0.0026102964766323566
PTPRCAP	0.003563446458429098	0.019474659115076065	0.010334075428545475	0.02157219499349594	0.011731825768947601
GFI1	0.0053339931182563305	0.00986182875931263	0.011813065968453884	0.09519132226705551	0.055862195789813995
IL2RA	0.037386175245046616	0.009649215266108513	0.002626643283292651	0.0073279449716210365	0.06393683701753616
NAALADL1	0.12647098302841187	0.13803206384181976	0.07268794625997543	0.33744052052497864	0.11037472635507584
MYB	0.0036040195263922215	0.0	0.03374067321419716	0.0	0.03307463973760605
GNLY	0.30794277787208557	0.45920032262802124	0.38806337118148804	2.54567813873291	0.4988369643688202
SMPD3	0.00879618525505066	0.04041600972414017	0.007692589890211821	0.029695065692067146	0.01984112150967121
FOXP3	0.0	0.0	0.0013114497996866703	0.007350453641265631	0.024043148383498192
ORC1	0.0018610532861202955	0.0	0.0	0.014313948340713978	0.002263756236061454
TREML2	0.07068830728530884	0.01016252301633358	0.005064389202743769	0.0	0.004957783035933971
LRMP	0.5481224656105042	0.5617703199386597	0.2602916955947876	0.3207067847251892	0.22184132039546967
DEPDC5	0.05903586000204086	0.060621198266744614	0.02588075026869774	0.03551831841468811	0.02948470041155815
KIR3DL2	0.0035115196369588375	0.00981870573014021	0.0012733910698443651	0.19921372830867767	0.023959603160619736
NTRK1	0.0018280766671523452	0.0	0.0012875747634097934	0.007344583980739117	0.0004945012042298913
SP140	0.5852150321006775	0.2699921131134033	0.06789599359035492	0.1739177256822586	0.21493037045001984
IL1A	0.0	0.009778588078916073	0.0038627665489912033	0.0	0.0
CST7	0.11137612909078598	0.13340657949447632	0.13079075515270233	2.2672548294067383	0.6123754978179932
CHST15	0.054322294890880585	0.5115073323249817	0.24316388368606567	0.0073442598804831505	0.006216192152351141
FOSB	1.3429932594299316	1.8814563751220703	1.898667335510254	1.1777883768081665	1.371947169303894
MMP9	0.0017856371123343706	0.0	0.010439776815474033	0.014364507980644703	0.003203009022399783
AZU1	0.005492006428539753	0.010070307180285454	0.053082749247550964	0.007115004118531942	0.003251568879932165
VPREB3	1.3116029500961304	0.009707706049084663	0.026258066296577454	0.013955618254840374	0.028549309819936752
CXCL11	0.0	0.010193846188485622	0.0027740541845560074	0.0	0.00046663207467645407
FZD3	0.008898543193936348	0.0306123998016119	0.006448142230510712	0.0142047218978405	0.032117441296577454
CREB5	0.005177920218557119	0.07006408274173737	0.3725965917110443	0.007467329502105713	0.026110703125596046
FCRL2	0.6337444186210632	0.019940167665481567	0.013011990115046501	0.01422691997140646	0.012902691960334778
MAN1A1	0.0463082529604435	0.13897864520549774	0.10278861224651337	0.11694031208753586	0.05563529580831528
HPSE	0.01815618760883808	0.0293832216411829	0.25059622526168823	0.00680940318852663	0.028033839538693428
ZNF286A	0.03068830817937851	0.0	0.006400716956704855	0.021461276337504387	0.02397572062909603
PRG2	0.0018194640288129449	0.0	0.0	0.0	0.0008786054677329957
P2RX1	0.05009717121720314	0.23012804985046387	0.06759612262248993	0.0	0.008046945556998253
IL12RB2	0.0	0.0	0.0012510759988799691	0.05130169540643692	0.01165351364761591
LCK	0.41473981738090515	0.19866499304771423	0.20397913455963135	1.619522213935852	1.728785753250122
LY9	0.48812830448150635	0.04872759431600571	0.02854529395699501	0.4259619414806366	0.525058925151825
C5AR2	0.012150411494076252	0.32038646936416626	0.0808795690536499	0.014705554582178593	0.009511522017419338
CCR10	0.01259236503392458	0.00960660632699728	0.01292675081640482	0.0	0.029458297416567802
P2RY2	0.0017854534089565277	0.15779295563697815	0.05967871472239494	0.0	0.0036088847555220127
QPCT	0.01628779247403145	0.12828709185123444	0.7492878437042236	0.014587831683456898	0.04036836326122284
APOL3	0.19653162360191345	0.47884422540664673	0.28687584400177	0.3870425224304199	0.43028947710990906
TRAT1	0.08528066426515579	0.058892447501420975	0.049632564187049866	0.07315866649150848	0.8366350531578064
BCL11B	0.08296428620815277	0.07811988890171051	0.05730610340833664	0.20397551357746124	0.7033144235610962
GGT5	0.0018114724662154913	0.0	0.007833153940737247	0.0	0.0014112417120486498
BHLHE41	0.056622520089149475	0.0	0.0	0.0	0.0
CDHR1	0.0	0.0	0.0	0.021993637084960938	0.0037070107646286488
BFSP1	0.0	0.0	0.0	0.007286187261343002	0.00365166156552732
ALOX5	0.6525730490684509	1.0078853368759155	0.45474499464035034	0.02765323594212532	0.08592192083597183
BMP2K	0.15357016026973724	0.13917893171310425	0.24838368594646454	0.014077798463404179	0.036862779408693314
MS4A1	2.2628297805786133	0.11827777326107025	0.1334248036146164	0.14756374061107635	0.15233032405376434
ALOX15	0.007171970792114735	0.0	0.0013042197097092867	0.0	0.005854808259755373
HOXA1	0.001823584083467722	0.029869910329580307	0.0012464511673897505	0.0	0.002265856135636568
FLT3LG	0.1537875086069107	0.31684210896492004	0.07501000910997391	0.2899817228317261	0.9256845712661743
TNFRSF4	0.02492574229836464	0.019626474007964134	0.02340448461472988	0.10862016677856445	0.14070338010787964
CCR5	0.0035691922530531883	0.00988676305860281	0.020614344626665115	0.021797729656100273	0.03635649010539055
PLA1A	0.001764332060702145	0.049959685653448105	0.02083330973982811	0.0	0.001703814254142344
KLRC3	0.00351144140586257	0.010023539885878563	0.0012958217412233353	0.03623063489794731	0.009487292729318142
TNFSF14	0.007166844327002764	0.030889073386788368	0.038703855127096176	0.16767840087413788	0.052490998059511185
PTGIR	0.018246658146381378	0.2786174714565277	0.1280127763748169	0.0	0.026091840118169785
FBXL8	0.016255464404821396	0.04938973858952522	0.03367965668439865	0.028992200270295143	0.07927782833576202
CTSW	0.18746119737625122	0.2178557962179184	0.18051858246326447	2.404379367828369	1.1101685762405396
CR2	0.11189287900924683	0.0	0.0052780830301344395	0.0	0.015775831416249275
CXCR1	0.0	0.0	0.0013024366926401854	0.11575031280517578	0.0018339105881750584
APOBEC3G	0.5147508978843689	0.8099707365036011	0.1559361219406128	1.5969065427780151	0.5255131721496582
FPR2	0.0016921270871534944	0.1585223525762558	0.13651594519615173	0.0	0.005910034291446209
CLEC7A	0.0804128497838974	1.8837754726409912	1.635878086090088	0.07216290384531021	0.1144782230257988
MAP4K1	0.3881740868091583	0.3089233934879303	0.1507602035999298	0.29225829243659973	0.33837807178497314
PDCD1LG2	0.0018367319134995341	0.020189501345157623	0.0026116897352039814	0.0	0.0018159995088353753
CCDC102B	0.0325576514005661	0.02941105142235756	0.006405043415725231	0.07960119843482971	0.0493893027305603
SPAG4	0.017818978056311607	0.03916768729686737	0.016893669962882996	0.02858377806842327	0.012017784640192986
TLR8	0.005535447970032692	0.3386229872703552	0.36294466257095337	0.007331426255404949	0.017350798472762108
MAST1	0.001881951349787414	0.048990748822689056	0.0025984018575400114	0.0	0.011188087984919548
CD3E	0.2972789406776428	0.347059041261673	0.2524048686027527	1.0028818845748901	2.0695948600769043
CD8A	0.10546664148569107	0.03915818780660629	0.06297383457422256	0.4006936550140381	0.6918289065361023
FZD2	0.00904836505651474	0.0296366848051548	0.03090556152164936	0.021839722990989685	0.01546257920563221
RENBP	0.09119843691587448	0.6672939658164978	0.34668299555778503	0.20463837683200836	0.0992032065987587
CCR6	0.4122937023639679	0.010657231323421001	0.007730802986770868	0.02824515663087368	0.08715369552373886
LAT	0.18227247893810272	0.1898285448551178	0.1732715368270874	1.1800768375396729	1.357865571975708
TCF7	0.31382855772972107	0.4377249479293823	0.24059125781059265	0.38953906297683716	1.2824677228927612
ZBTB32	0.08162562549114227	0.0	0.0	0.0	0.008234258741140366
LY86	1.253223180770874	1.106723666191101	1.3693337440490723	0.07158096879720688	0.1749597042798996
PBXIP1	0.37983259558677673	0.3788141906261444	0.14581121504306793	0.5809226036071777	0.8172685503959656
SH2D1A	0.055217377841472626	0.09081385284662247	0.04427495226264	0.8440155386924744	0.5631185173988342
NFE2	0.016326991841197014	0.20787543058395386	0.32413825392723083	0.0	0.029808437451720238
COL8A2	0.0018247765256091952	0.009413118474185467	0.020705170929431915	0.0	0.005177384242415428
GPR19	0.001753572141751647	0.0	0.0013518352061510086	0.0072644855827093124	0.004577383399009705
HNMT	0.033761169761419296	0.6116936206817627	0.8752327561378479	0.05089879781007767	0.04931443929672241
RNASE2	0.005342829506844282	0.02979321777820587	0.33885377645492554	0.014294053427875042	0.024050943553447723
RCAN3	0.23238040506839752	0.12885671854019165	0.12427641451358795	0.07916560024023056	0.8141399621963501
CD1E	0.0	0.009695821441709995	0.022096877917647362	0.007201557047665119	0.01717940717935562
LTC4S	0.0017718587769195437	0.010657231323421001	0.016696635633707047	0.01441305223852396	0.028518706560134888
ATP8B4	0.003703454975038767	0.02998715080320835	0.079310841858387	0.16058658063411713	0.014484625309705734
DPP4	0.021036840975284576	0.03995852544903755	0.018268480896949768	0.02941513992846012	0.2542038559913635
FCGR3B	0.0	0.12921682000160217	0.001289162551984191	0.021849384531378746	0.0014055846258997917
PDK1	0.14130105078220367	0.11928208917379379	0.08266820758581161	0.03637855127453804	0.3033769428730011
PNOC	0.6262601613998413	0.0689433142542839	0.03252929449081421	0.014965926297008991	0.015655770897865295
TEP1	0.04632851108908653	0.15922214090824127	0.0817987248301506	0.05208003148436546	0.04015181586146355
PTGER2	0.051092177629470825	0.4514707028865814	0.3392750918865204	0.6868980526924133	0.35149699449539185
CD8B	0.1287960708141327	0.25802019238471985	0.14363931119441986	0.07461871206760406	0.8154547214508057
ABCB9	0.00880411360412836	0.009953086264431477	0.010356911458075047	0.0074182539246976376	0.017312943935394287
GAL3ST4	0.0018509193323552608	0.009695821441709995	0.0026073865592479706	0.014358782209455967	0.029101260006427765
DSC1	0.0	0.009756655432283878	0.002555635292083025	0.0	0.013992607593536377
BST1	0.012489745393395424	0.4081163704395294	0.6950343251228333	0.02212378941476345	0.04173320159316063
GYPE	0.003541224868968129	0.0	0.0012740760575979948	0.007196440361440182	0.0
RGS1	0.29048362374305725	0.4018774628639221	0.2529797852039337	0.5049615502357483	0.40595072507858276
LAG3	0.01420118473470211	0.02004239335656166	0.018260644748806953	0.0441884882748127	0.16891232132911682
RGS13	0.0	0.0	0.0	0.007279013283550739	0.0018324746051803231
CD40	0.8827162384986877	0.2475186139345169	0.06689849495887756	0.03612397238612175	0.04553313925862312
CXCL3	0.0036773658357560635	0.05051601305603981	0.10060421377420425	0.0	0.0018793721683323383
ASGR2	0.0018451648065820336	0.030383910983800888	0.13672436773777008	0.007190732751041651	0.016582010313868523
ANKRD55	0.01067869458347559	0.009649215266108513	0.006557364482432604	0.006939501501619816	0.08330598473548889
PTPRG	0.005492995958775282	0.0	0.0	0.0	0.0
SKAP1	0.40401288866996765	0.10835231840610504	0.061036452651023865	0.7932185530662537	0.6826013326644897
MGAM	0.0016956161707639694	0.0	0.005090676713734865	0.05114762485027313	0.0004597928491421044
PASK	0.05941231548786163	0.019772008061408997	0.011717282235622406	0.014311696402728558	0.22036322951316833
TLR2	0.008742015808820724	0.408210426568985	0.5072829723358154	0.014445307664573193	0.036536604166030884
BPI	0.0	0.0	0.04428619518876076	0.0	0.0008977277902886271
LILRB2	0.024994010105729103	1.5423650741577148	0.6737578511238098	0.021992545574903488	0.05260004475712776
SLC12A8	0.0036063336301594973	0.0	0.0	0.0	0.0013835282297804952
FCER1A	0.05084962770342827	0.12102899700403214	0.058478742837905884	0.0	0.11287575215101242
CYP27B1	0.0	0.009612716734409332	0.0	0.0	0.003202603431418538
MARCH3	0.1926908642053604	0.009598514065146446	0.006431587506085634	0.013719461858272552	0.03348219394683838
KIAA0226L	0.5863963961601257	0.06857126206159592	0.06642567366361618	0.013955618254840374	0.030045025050640106
SIT1	0.3986208438873291	0.05961372330784798	0.05080903321504593	0.021615564823150635	0.549121081829071
CSF3R	0.05388522520661354	0.6845895051956177	1.4442894458770752	0.0717613622546196	0.10732842236757278
IL4R	1.1367416381835938	0.27876007556915283	0.19928346574306488	0.15957267582416534	0.317350298166275
FLVCR2	0.009066634811460972	0.0900496244430542	0.058358609676361084	0.01480554323643446	0.014222872443497181
MS4A2	0.0	0.0	0.0	0.007350289728492498	0.0018533762777224183
TMEM156	0.764937162399292	0.0	0.0339881107211113	0.20206215977668762	0.18958087265491486
CD209	0.0	0.0	0.014233209192752838	0.0	0.0008630607044324279
GZMM	0.11763162910938263	0.1478014886379242	0.0987342894077301	1.7498066425323486	0.930389404296875
HCK	0.3218553364276886	2.1156628131866455	0.992587149143219	0.050579462200403214	0.12312638014554977
LILRA4	0.09146382659673691	0.17813831567764282	0.049426741898059845	0.06553616374731064	0.03182772174477577
CHST7	0.008914276026189327	0.3499155342578888	0.0378967821598053	0.014399738982319832	0.054063454270362854
CD180	0.6505982875823975	0.3715395927429199	0.16012008488178253	0.00663071870803833	0.03990309312939644
CD3G	0.1447666436433792	0.149466410279274	0.11099434643983841	0.17712046205997467	1.5229508876800537
BLK	0.8903277516365051	0.01996748335659504	0.020956140011548996	0.021406516432762146	0.03025451861321926
CD1D	0.11024400591850281	0.17820803821086884	0.49144062399864197	0.007471749093383551	0.05586284026503563
CASP5	0.0018176869489252567	0.19843724370002747	0.00784594938158989	0.0	0.0017862144159153104
HIST1H2BG	0.126064732670784	0.0689699724316597	0.016870515421032906	0.01499507762491703	0.09476985782384872
C3AR1	0.008859755471348763	0.8040699362754822	0.11082848161458969	0.043581411242485046	0.025654170662164688
S1PR5	0.016073506325483322	0.010016776621341705	0.015514715574681759	1.1536039113998413	0.11331335455179214
EFNA5	0.0	0.0	0.0	0.014672733843326569	0.004178236238658428
SLAMF8	0.0017969192704185843	0.029512925073504448	0.01664583943784237	0.02859354577958584	0.01247609406709671
C5AR1	0.028966370970010757	1.4102535247802734	0.6929304003715515	0.02224390208721161	0.026695188134908676
SEPT8	0.019583022221922874	0.0	0.015541065484285355	0.0	0.032390497624874115
ST8SIA1	0.005366803612560034	0.009883294813334942	0.006344753783196211	0.0	0.044062502682209015
PDCD1	0.0035004056990146637	0.009728118777275085	0.003845292842015624	0.007345721125602722	0.0346011146903038
ZNF165	0.0248170867562294	0.0	0.003952806815505028	0.0	0.015268241055309772
ASGR1	0.028901541605591774	0.5839288234710693	0.9933660626411438	0.014569875784218311	0.04730929434299469
SEPT5	0.0017945986473932862	0.0	0.005219093523919582	0.0	0.0013792113168165088
ETV3	0.060857828706502914	0.18886612355709076	0.12131801247596741	0.09383386373519897	0.12040816992521286
LST1	0.5407657027244568	2.5526444911956787	2.4383273124694824	0.42962801456451416	0.5973513126373291
IL26	0.0	0.0	0.0	0.0	0.00222787749953568
RNASE6	0.5322191715240479	0.2730056643486023	1.1814247369766235	0.10884930938482285	0.12826655805110931
CD38	0.07986278086900711	0.04962737485766411	0.03241921216249466	0.4978671967983246	0.04519597440958023
CA8	0.0	0.0	0.0	0.0	0.0
CD1B	0.0	0.0	0.005189321003854275	0.007256857585161924	0.004239767789840698
CD33	0.03369893506169319	0.7130368947982788	0.7129102945327759	0.08763521164655685	0.09013281762599945
AIF1	0.3394690454006195	2.5199389457702637	2.4195475578308105	0.35296565294265747	0.6298713088035583
CCR2	0.01605990156531334	0.030072147026658058	0.289519727230072	0.0074269575998187065	0.05149232968688011
TNIP3	0.0016250183107331395	0.0	0.0026054508052766323	0.006913627497851849	0.0162874236702919
CEMP1	0.0036192082334309816	0.0	0.003794263117015362	0.0	0.002284544985741377
BCL7A	0.7152324914932251	0.039416469633579254	0.011689357459545135	0.028961943462491035	0.06396931409835815
TRIB2	0.2289578765630722	0.049352407455444336	0.03352256864309311	0.34346073865890503	0.2154921293258667
LEF1	0.17410239577293396	0.11868254840373993	0.10915236175060272	0.11450787633657455	1.0884604454040527
CD5	0.09486711770296097	0.0495021753013134	0.03747296333312988	0.05018658563494682	0.5071131587028503
BCL2A1	0.3833765387535095	1.6272848844528198	0.6513370275497437	0.10903352499008179	0.2383648306131363
CAMP	0.010725102387368679	0.020617308095097542	0.026410430669784546	0.0	0.0022345262113958597
GPC4	0.0037627944257110357	0.0	0.002675485098734498	0.0	0.0
HAL	0.003469704883173108	0.06995638459920883	0.06167618930339813	0.021983103826642036	0.0023226854391396046
GPR65	0.27832332253456116	0.6973467469215393	0.4399891793727875	0.7231435179710388	0.35274451971054077
IRF8	1.3523507118225098	0.8361705541610718	0.5661125183105469	0.5114197134971619	0.15192167460918427
SKA1	0.0055366577580571175	0.0	0.0012951049720868468	0.0	0.006909234449267387
NME8	0.0	0.019970037043094635	0.042794119566679	0.08764887601137161	0.008647257462143898
NPL	0.014404830522835255	0.37902143597602844	0.23279571533203125	0.04344110190868378	0.02991318702697754
HK3	0.0089512187987566	0.7420315742492676	0.21494510769844055	0.021362030878663063	0.021986335515975952
IL4	0.0	0.0	0.0	0.0	0.0018758609658107162
TXK	0.030171265825629234	0.029758617281913757	0.033565375953912735	0.9429965615272522	0.4881345331668854
LIME1	0.0017869158182293177	0.0	0.005168829578906298	0.0	0.019089680165052414
SOCS1	0.15507559478282928	0.07998816668987274	0.026021646335721016	0.12514448165893555	0.26870670914649963
CD70	0.0536758229136467	0.0	0.0012617880711331964	0.006938812788575888	0.015781786292791367
DGKA	0.23374515771865845	0.19033509492874146	0.10689403861761093	0.1460321992635727	0.5554781556129456
TNFRSF13B	0.35413044691085815	0.0	0.0026676428969949484	0.0	0.008714206516742706
PVRIG	0.0054191723465919495	0.0	0.0	0.05846715718507767	0.02082306146621704
ADAMDEC1	0.003617287380620837	0.0	0.005284946411848068	0.0	0.0
ZBTB10	0.21873904764652252	0.11744500696659088	0.13986003398895264	0.2325628250837326	0.1885625571012497
NLRP3	0.01610175147652626	0.2072327584028244	0.32937437295913696	0.02135111764073372	0.03437288478016853
IFI44L	0.05990001931786537	0.1210939809679985	0.13893109560012817	0.028692519292235374	0.05211017280817032
TNFRSF10C	0.001841718447394669	0.029999572783708572	0.03394215553998947	0.0	0.003150955541059375
TTC38	0.014413411729037762	0.09943535923957825	0.05462571606040001	1.1541861295700073	0.07658638060092926
DHX58	0.05892929062247276	0.11750523746013641	0.036101654171943665	0.08044439554214478	0.09060296416282654
FAM212B	0.019594267010688782	0.14980755746364594	0.034993480890989304	0.014700032770633698	0.00779325794428587
KIR2DL1	0.003650215221568942	0.0	0.0038773692212998867	0.3801887035369873	0.016604403033852577
CRYBB1	0.0016887675737962127	0.02966550923883915	0.002531876089051366	0.0	0.0
LTA	0.059208985418081284	0.029119623824954033	0.005335917230695486	0.0	0.09539154917001724
CCL20	0.0017427540151402354	0.0	0.009382191114127636	0.007329366635531187	0.015593589283525944
SLC2A6	0.30619868636131287	1.237750768661499	0.2814141511917114	0.0367293581366539	0.0777072012424469
FAM65B	1.4803956747055054	1.5121763944625854	0.9721768498420715	1.1615073680877686	1.4479923248291016
BEND5	0.2143266201019287	0.0	0.009106663055717945	0.03577306866645813	0.03964752331376076
ADAM28	1.0612808465957642	0.019516410306096077	0.05692407488822937	0.11594768613576889	0.062154095619916916
CXCR6	0.0017375167226418853	0.0	0.0027085135225206614	0.014639398083090782	0.027305880561470985
FCN1	0.3208822011947632	1.9910447597503662	2.414710283279419	0.26386651396751404	0.3586415946483612
CLEC2D	1.2946445941925049	0.37821975350379944	0.24084466695785522	0.6192253232002258	1.4422461986541748
PLEKHF1	0.03408200666308403	0.049847979098558426	0.012824582867324352	0.7860328555107117	0.16500943899154663
FCGR2B	0.5296781063079834	0.0696532130241394	0.03788604214787483	0.0	0.037670619785785675
TRAC	0.550456702709198	0.4946686625480652	0.45261621475219727	0.7713522911071777	2.2179267406463623
TBX21	0.03777182474732399	0.03956970199942589	0.009176896885037422	1.0943297147750854	0.11851931363344193
STAP1	0.36656349897384644	0.0	0.002570816781371832	0.02844778262078762	0.01567125879228115
NPAS1	0.0	0.0	0.0	0.0	0.004083661362528801
SLAMF1	0.12173975259065628	0.02964949980378151	0.012882527895271778	0.013972637243568897	0.10957448184490204
CD80	0.012190042994916439	0.0	0.0012791842455044389	0.0	0.0009602392092347145
CCR3	0.0018077227286994457	0.0	0.0012437159894034266	0.0	0.0009264982654713094
TMEM255A	0.0	0.009851153008639812	0.007779840379953384	0.007332378998398781	0.0008736443123780191
RSAD2	0.008845481090247631	0.06044036149978638	0.024542350322008133	0.02931765839457512	0.024931209161877632
DAPK2	0.010746410116553307	0.0	0.0	0.007349961902946234	0.01093426812440157
EPHA1	0.005304565653204918	0.009849478490650654	0.005120556801557541	0.00708874361589551	0.059933096170425415
MAK	0.0036602059844881296	0.0	0.023498477414250374	0.0	0.003284299047663808
CXCL5	0.0018410708289593458	0.0	0.0025549994315952063	0.0	0.002290714532136917
CD69	1.6832658052444458	0.7568426132202148	0.573462188243866	1.7796823978424072	1.7957956790924072
MZB1	0.6347476840019226	0.019761227071285248	0.03374967724084854	0.0579187236726284	0.039520714432001114
IL7	0.11120042949914932	0.050133299082517624	0.006479802541434765	0.0	0.014214497990906239
SLCO5A1	0.0054147131741046906	0.0	0.0	0.0	0.0
SPIB	0.9549239277839661	0.04893243685364723	0.02566877380013466	0.02899858169257641	0.04120507836341858
RRP12	0.050409018993377686	0.3366730213165283	0.21155767142772675	0.08670542389154434	0.06258153170347214
