	avg_B cell	avg_Dendritic cell	avg_Monocyte	avg_NK cell	avg_T cell
LINC01272	0.03386508300900459	2.1768221855163574	0.9965978264808655	0.050929609686136246	0.060832537710666656
SH2D1B	0.005375881679356098	0.32004010677337646	0.01165748294442892	0.8038044571876526	0.014307910576462746
GLT1D1	0.006921559106558561	0.08929108828306198	0.23044811189174652	0.029268309473991394	0.006924319546669722
MMP17	0.14267364144325256	0.11803951114416122	0.07680714130401611	0.0	0.00625281035900116
CLMN	0.10185166448354721	0.02024257183074951	0.18400807678699493	0.014727793633937836	0.01032591424882412
LRRC25	0.05011994391679764	1.7845721244812012	0.6449652314186096	0.02910291589796543	0.07751265168190002
VNN3	0.0	0.0	0.09894018620252609	0.0	0.00046660128282383084
MEG3	0.005527812521904707	0.35550016164779663	0.006536087952554226	0.0	0.00704404478892684
MMP23B	0.010792691260576248	0.010246102698147297	0.007758656982332468	0.43962031602859497	0.03901442140340805
RP11.589C21.6	0.03433145582675934	0.009413118474185467	0.005231506656855345	0.14688971638679504	0.09880704432725906
HP	0.001809323555789888	0.0	0.09044039994478226	0.0	0.0023106993176043034
SPON2	0.03957108408212662	0.12911759316921234	0.035163067281246185	1.7660763263702393	0.15707279741764069
TNFAIP2	0.03200894221663475	0.9103233814239502	0.9085232019424438	0.007340380921959877	0.07721154391765594
RP11.960L18.1	0.19851328432559967	0.08846964687108994	0.04786519706249237	0.03609686344861984	0.003943157847970724
TNFAIP6	0.0018375975778326392	0.009986204095184803	0.1061682477593422	0.0	0.0013382413890212774
CD68	0.14127494394779205	2.258450746536255	1.5930554866790771	0.05815454572439194	0.1403457075357437
CD4	0.08355303108692169	1.253101110458374	0.9911566972732544	0.042781803756952286	0.33395835757255554
MNDA	0.2644055187702179	2.0479493141174316	2.3659627437591553	0.17627815902233124	0.23900152742862701
TNFRSF17	0.18136578798294067	0.0	0.0026536183431744576	0.0	0.006512061692774296
RP11.1143G9.4	0.1566973477602005	1.1000128984451294	2.3783814907073975	0.1322944462299347	0.25104883313179016
AC006369.2	0.01552518829703331	0.0	0.007870739325881004	0.1622256487607956	0.1801910698413849
NEURL1	0.010675686411559582	0.6816194653511047	0.053021855652332306	0.014705943875014782	0.020139826461672783
TCL1A	1.6250027418136597	0.20870260894298553	0.12165959179401398	0.08293358981609344	0.11201216280460358
TIMP2	0.03177304193377495	0.5432366132736206	0.7119254469871521	0.014169959351420403	0.05450575798749924
IGLC2	1.1119242906570435	0.11998246610164642	0.10153273493051529	0.09549577534198761	0.10741645097732544
PTGDR2	0.0016887675737962127	0.2871783375740051	0.0025401227176189423	0.0	0.015138977207243443
CX3CR1	0.019545216113328934	1.103305697441101	0.5127130746841431	0.8625089526176453	0.08134766668081284
GZMA	0.14203566312789917	0.11857197433710098	0.16971249878406525	2.3349714279174805	0.7180992960929871
MPEG1	0.3388470709323883	1.5353562831878662	1.4711881875991821	0.05056620389223099	0.10727672278881073
SLC25A4	0.07991830259561539	0.009989667683839798	0.00532645033672452	0.08044026046991348	0.08773348480463028
TMEM176B	0.030122807249426842	0.6691381931304932	0.41485148668289185	0.0	0.021491337567567825
IL2RB	0.06507588922977448	0.03899769112467766	0.05458301305770874	1.8159805536270142	0.3029751181602478
SECTM1	0.012056153267621994	0.8251069188117981	0.22920788824558258	0.021713312715291977	0.02199598401784897
EBF1	0.3306623697280884	0.0	0.002531615551561117	0.0073315855115652084	0.004137415438890457
IL1B	0.06890765577554703	0.7564652562141418	1.3166979551315308	0.07338570803403854	0.137250155210495
AC079767.4	0.3124505579471588	0.019484743475914	0.005145312752574682	0.007389384787529707	0.006395281292498112
CD36	0.04699060693383217	0.49488455057144165	1.5371038913726807	0.05124043673276901	0.10310450941324234
FOLR3	0.0036943801678717136	0.029379727318882942	0.27622783184051514	0.0	0.003620099276304245
FAM102A	0.15318067371845245	0.01998833380639553	0.04392703250050545	0.05075719952583313	0.48716652393341064
CD72	0.8113048672676086	0.019805192947387695	0.04034886136651039	0.1097978949546814	0.04510612040758133
MARCH1	1.2235102653503418	1.03762686252594	0.9074937105178833	0.05048736557364464	0.0853874534368515
MCEMP1	0.010784787125885487	0.02978275902569294	0.28449782729148865	0.0	0.008624257519841194
ABCC3	0.012295608408749104	0.45417141914367676	0.1415610909461975	0.007039037998765707	0.013207570649683475
UPK3A	0.003594400826841593	0.21805426478385925	0.2150583565235138	0.0	0.050279855728149414
IFIT3	0.050555940717458725	0.4640292525291443	0.09695042669773102	0.08876262605190277	0.028635745868086815
KLRF1	0.033916302025318146	0.04002448916435242	0.0416993647813797	2.1939361095428467	0.1044313982129097
SLC24A4	0.008610289543867111	0.5564450025558472	0.3065739870071411	0.02219998836517334	0.022647211328148842
CKB	0.0037120473571121693	0.5921658873558044	0.013045839965343475	0.0	0.009700569324195385
ZSCAN18	0.31679174304008484	0.029477858915925026	0.027295762673020363	0.25666525959968567	0.2827637791633606
IKZF3	0.6835021376609802	0.08835320174694061	0.04035200551152229	0.5129978060722351	0.3999069035053253
CD226	0.01782875321805477	0.040521278977394104	0.01039334200322628	0.4038894474506378	0.17513659596443176
MS4A6A	0.07379204034805298	0.5728052854537964	1.9190421104431152	0.07396590709686279	0.1450992375612259
LRRK2	0.17484766244888306	0.6240113973617554	0.7750992774963379	0.02864670194685459	0.043684765696525574
PYHIN1	0.08383377641439438	0.049050573259592056	0.02333589270710945	1.402968406677246	0.40289053320884705
KLRB1	0.1839752197265625	0.230769082903862	0.20677639544010162	2.313929557800293	0.6683662533760071
TNIK	0.023173794150352478	0.06924010813236237	0.015487239696085453	0.32988303899765015	0.2820354700088501
BCL11A	0.9294578433036804	0.30753466486930847	0.1538611501455307	0.02174440398812294	0.059552282094955444
LILRA2	0.05643653869628906	1.3490732908248901	0.6292741298675537	0.013940326869487762	0.06852065771818161
MEF2C	1.752002239227295	1.387591004371643	1.1442331075668335	0.1381213366985321	0.10333336144685745
DENND5B	0.12035956233739853	0.00999857671558857	0.006485867314040661	0.0	0.00913095474243164
DOCK5	0.01802058517932892	0.8588824272155762	0.29210883378982544	0.04428422823548317	0.033957164734601974
SPIB	0.9549239277839661	0.04893243685364723	0.02566877380013466	0.02899858169257641	0.04120507836341858
PTGDR	0.015970569103956223	0.019396206364035606	0.01039243582636118	1.2328332662582397	0.13198481500148773
ALDH3B1	0.008981403894722462	0.7190082669258118	0.3006890118122101	0.02220001630485058	0.03260907158255577
ASNS	0.08616448193788528	0.03925485163927078	0.0051374249160289764	0.08617933094501495	0.09386759996414185
CCL4	0.10015864670276642	0.2614372968673706	0.3397062420845032	1.784243106842041	0.3107674717903137
PLPP5	1.1809319257736206	0.16875521838665009	0.0950363352894783	0.14542341232299805	0.13569007813930511
BTK	0.7911401391029358	0.9305102229118347	0.3931697607040405	0.021663760766386986	0.06954432278871536
GRAP2	0.21446089446544647	0.009833206422626972	0.05214652046561241	0.33488884568214417	0.5512264370918274
IGHA1	0.20865947008132935	0.029970863834023476	0.018111683428287506	0.036155059933662415	0.013669378124177456
LINC01013	0.13936828076839447	0.0	0.001293331733904779	0.0	0.0032031743321567774
GATA3	0.0422636941075325	0.019407043233513832	0.035148464143276215	0.48428910970687866	0.4532555043697357
CD27	0.5248875617980957	0.17882408201694489	0.1387738287448883	0.21081040799617767	1.4278225898742676
RP11.693J15.5	0.6760774254798889	0.019649920985102654	0.006456771399825811	0.007303515449166298	0.013400162570178509
VSIG1	0.021371763199567795	0.0	0.0026009101420640945	0.0	0.12568838894367218
CRISPLD2	0.005298153962939978	0.0	0.14481323957443237	0.00738520035520196	0.004943626467138529
SCML4	0.13136738538742065	0.02983587607741356	0.024588117375969887	0.15284933149814606	0.3195067346096039
PTX3	0.0	0.06999756395816803	0.09587609022855759	0.0	0.0050194538198411465
GNG7	0.8751556277275085	0.05096801742911339	0.06004766747355461	0.013864860869944096	0.07906051725149155
DBNDD1	0.11774227768182755	0.0	0.0012872008373960853	0.0	0.009906542487442493
AQP9	0.0018242334481328726	0.019606396555900574	0.12224765866994858	0.0	0.0017722640186548233
RP11.660L16.2	0.22702978551387787	0.019691135734319687	0.05190444737672806	0.22463150322437286	0.32890641689300537
TLR10	0.600171685218811	0.05886827036738396	0.021983947604894638	0.02196461893618107	0.02399676851928234
SLAMF6	0.23579122126102448	0.029469167813658714	0.010277096182107925	0.25403574109077454	0.16141200065612793
CDC42EP1	0.009248008020222187	0.01943349838256836	0.13658331334590912	0.007341025862842798	0.006636252161115408
CD160	0.026914004236459732	0.029067883267998695	0.013049077242612839	1.4453740119934082	0.1479375958442688
C1orf21	0.010847263038158417	0.019582536071538925	0.0181489959359169	0.7477840185165405	0.09096170216798782
CAMK1	0.035452909767627716	1.1855634450912476	0.4664371609687805	0.08691094070672989	0.05853302776813507
PILRA	0.0362326055765152	1.9000433683395386	0.8978593349456787	0.035649508237838745	0.08030863106250763
AOAH	0.026891041547060013	0.8237966299057007	0.6760808229446411	0.6222309470176697	0.1479942947626114
IGHG3	0.2872768044471741	0.009674987755715847	0.0039818244986236095	0.014660612680017948	0.0060007646679878235
CD28	0.024651769548654556	0.0873679369688034	0.020531246438622475	0.021445559337735176	0.3119223117828369
FCER2	1.261936068534851	0.07005496323108673	0.0471416600048542	0.03658004850149155	0.03236425668001175
EPHX2	0.028413092717528343	0.0	0.01287745125591755	0.035597868263721466	0.2654852867126465
CD3D	0.40676212310791016	0.5590177774429321	0.4192347824573517	0.35737544298171997	2.1588940620422363
IFI30	0.1387016773223877	2.0546133518218994	1.2699934244155884	0.04433809593319893	0.11283034086227417
ELANE	0.005321593955159187	0.029759828001260757	0.11646521836519241	0.007325425744056702	0.0031896803993731737
FAM198B	0.01431873720139265	0.3725880980491638	0.600174605846405	0.021258478984236717	0.02153838612139225
KLF4	0.26724234223365784	2.0372776985168457	1.720533013343811	0.16814279556274414	0.19219143688678741
PKHD1L1	0.11380725353956223	0.0	0.0	0.0	0.0013443604111671448
SIGLEC10	0.2118673026561737	1.4608826637268066	0.14102593064308167	0.057657353579998016	0.040711987763643265
IL7R	0.23664267361164093	0.2102167308330536	0.21056467294692993	0.2741411328315735	1.5845714807510376
TSPAN13	0.8934269547462463	0.010223460383713245	0.019634515047073364	0.05775120481848717	0.02060568705201149
FCGR3A	0.06695590913295746	2.3335373401641846	0.15409432351589203	1.8810192346572876	0.15032236278057098
CD79A	2.4059066772460938	0.24794423580169678	0.15424585342407227	0.15550696849822998	0.2216099500656128
CATSPER1	0.014146911911666393	0.02979818359017372	0.3825054168701172	0.23413987457752228	0.017986401915550232
VEGFA	0.01042212825268507	0.0	0.1964196264743805	0.0	0.010656772181391716
S100A12	0.1672249734401703	0.4827668070793152	2.2385287284851074	0.13185188174247742	0.20673243701457977
NCAM1	0.003593441564589739	0.009792841039597988	0.001292712171562016	0.25715896487236023	0.0050433725118637085
SLCO3A1	0.025040488690137863	0.4912654161453247	0.38111746311187744	0.22541996836662292	0.1941596418619156
FAM110A	0.12305143475532532	1.5469928979873657	0.34306660294532776	0.20579120516777039	0.19217559695243835
RALGPS2	1.2771121263504028	0.03955989331007004	0.030246691778302193	0.09399937838315964	0.06099114939570427
FCGR1B	0.003584768855944276	0.1288793832063675	0.21318282186985016	0.0	0.00604591891169548
STAB1	0.010834855027496815	0.06925549358129501	0.3515152037143707	0.007404628675431013	0.017435746267437935
ETS1	0.5727924704551697	0.11945117264986038	0.08071457594633102	0.9795563220977783	1.106598138809204
RHOH	1.0501517057418823	0.12904129922389984	0.10731274634599686	0.505591869354248	1.0485689640045166
CCDC88A	0.050245482474565506	0.7141307592391968	0.5723810195922852	0.021547706797719002	0.10626504570245743
FCGR2A	0.04619685187935829	0.8972300887107849	0.6186919808387756	0.043902140110731125	0.03781602159142494
OSBPL5	0.0016493204748257995	0.13932403922080994	0.041710346937179565	0.49787431955337524	0.04316289722919464
SRC	0.023265274241566658	0.21781837940216064	0.11613565683364868	0.007116575725376606	0.006919409614056349
PLA2G7	0.014519919641315937	0.09836529940366745	0.41720664501190186	0.021172882989048958	0.01631706766784191
PLEKHG1	0.1849609613418579	0.0	0.0012521629687398672	0.0	0.00924695935100317
LIN7A	0.0035515751224011183	0.00990523025393486	0.13098587095737457	0.0	0.0018678456544876099
MYOF	0.005236634518951178	0.43544936180114746	0.09077601879835129	0.007260518614202738	0.012428462505340576
NOG	0.015688283368945122	0.010171033442020416	0.007837059907615185	0.014665147289633751	0.1355016976594925
TPD52	0.9439307451248169	0.029268460348248482	0.023122141137719154	0.32427629828453064	0.2110731452703476
RP11.291B21.2	0.02713933400809765	0.01026466116309166	0.022165583446621895	0.029482081532478333	0.33926114439964294
FCRL5	0.6691120266914368	0.0	0.011515123769640923	0.014392279088497162	0.011953153647482395
CDA	0.04470650479197502	1.3997421264648438	1.1423521041870117	0.03654340282082558	0.05247875303030014
LPAR6	0.04063114896416664	0.9383992552757263	0.4373701214790344	0.24257059395313263	0.3589487671852112
RETN	0.025241566821932793	0.22020956873893738	0.7506132125854492	0.0071480171754956245	0.08819396793842316
ICAM4	0.0036006474401801825	0.5627893805503845	0.04768747463822365	0.007253776304423809	0.017297429963946342
STRBP	0.6466068625450134	0.02969978377223015	0.018140578642487526	0.06512126326560974	0.11017945408821106
LAX1	0.08032342791557312	0.0	0.006514891982078552	0.23522821068763733	0.13322818279266357
CD40LG	0.03514367341995239	0.0	0.02588227018713951	0.007319795433431864	0.42689454555511475
CDKN1C	0.014186966232955456	1.4861962795257568	0.0262973140925169	0.014751126989722252	0.012384755536913872
CD24	0.8572400808334351	0.02917604148387909	0.011776133440434933	0.02896278165280819	0.01931188441812992
P2RY10	0.5171398520469666	0.12108413130044937	0.020426370203495026	0.06616412103176117	0.21448634564876556
L1TD1	0.02878090925514698	0.23989054560661316	0.007821132428944111	0.01478652935475111	0.010508148930966854
CCR7	0.6229168772697449	0.1489509493112564	0.09013064205646515	0.10126260668039322	0.9492324590682983
CD200	0.3628607392311096	0.0	0.005113083403557539	0.02875376120209694	0.021634815260767937
MACROD2	0.16738258302211761	0.0	0.0	0.0	0.004693593364208937
COBLL1	0.41859036684036255	0.0	0.003913301508873701	0.007173484191298485	0.01189256738871336
PCDH9	0.3943823575973511	0.009920687414705753	0.005348252132534981	0.021417416632175446	0.016413483768701553
GPR171	0.025149399414658546	0.020258449018001556	0.011752653867006302	0.03660830110311508	0.28697454929351807
RP11.164H13.1	0.31137800216674805	0.020465558394789696	0.0051345438696444035	0.02206414006650448	0.01615951396524906
TMEM176A	0.02353338897228241	0.27170857787132263	0.25730517506599426	0.007288695778697729	0.0092903021723032
CD79B	2.3849287033081055	1.4047585725784302	0.21909840404987335	0.5303266644477844	0.3803319036960602
APOBEC3A	0.009005110710859299	0.9737566113471985	0.3844420909881592	0.04234332591295242	0.019723808392882347
GNAQ	0.035238608717918396	0.5513103604316711	0.7859489321708679	0.042626794427633286	0.1703331619501114
PDLIM1	1.059484839439392	0.029803501442074776	0.03263144940137863	0.2248983383178711	0.08828730136156082
METRNL	0.008822258561849594	0.3378627300262451	0.25074973702430725	0.0947791039943695	0.03329363465309143
PRF1	0.09501170367002487	0.1768103539943695	0.08154314011335373	2.295091390609741	0.4378647804260254
PID1	0.016239535063505173	0.35914939641952515	0.5480916500091553	0.02965787798166275	0.04396219551563263
MARCO	0.01795014925301075	0.3045094311237335	0.2606973350048065	0.0	0.0132004888728261
RTKN2	0.0037591103464365005	0.0	0.0052363574504852295	0.0	0.0771465077996254
CXCR5	0.3008590638637543	0.0	0.011889847926795483	0.007399087771773338	0.026092175394296646
NCF2	0.08761455118656158	1.6194576025009155	1.202951431274414	0.04309653490781784	0.12045293301343918
TLR7	0.07425662130117416	0.1390046328306198	0.12347180396318436	0.0	0.007273682858794928
CD22	1.5349591970443726	0.08892819285392761	0.04428648203611374	0.028447791934013367	0.053407955914735794
ITK	0.0578608363866806	0.029930366203188896	0.024449899792671204	0.2624012529850006	0.5126488208770752
SH2D3A	0.16674916446208954	0.01956457830965519	0.01696793921291828	0.15282653272151947	0.22189241647720337
FNIP2	0.006798905320465565	0.4270229935646057	0.15490615367889404	0.08711376041173935	0.08563774079084396
SH3RF1	0.01096147857606411	0.27968525886535645	0.04788322001695633	0.0	0.014689594507217407
CYP27A1	0.0034875343553721905	0.0	0.10747137665748596	0.007369937840849161	0.004575902596116066
CHN2	0.010621072724461555	0.5303525924682617	0.3358270227909088	0.20445191860198975	0.07850098609924316
RP11.18H21.1	0.02474897913634777	0.010976145975291729	0.015635713934898376	0.058349572122097015	0.29822981357574463
IGLC5	0.20218846201896667	0.0	0.0	0.0	0.0013429174432531
IGHD	2.06390118598938	0.11852525919675827	0.07823446393013	0.04531010240316391	0.09813903272151947
SLC7A7	0.14555872976779938	1.6486897468566895	0.9958803653717041	0.06490042060613632	0.07339973747730255
SWAP70	1.084930658340454	0.50752854347229	0.16220852732658386	0.11660661548376083	0.06698324531316757
ZG16B	0.003430627752095461	0.20907266438007355	0.13146978616714478	0.014698856510221958	0.006739878561347723
ADGRE1	0.012252800166606903	0.7133986353874207	0.14222705364227295	0.01414105761796236	0.05409097671508789
P2RY13	0.010769952088594437	0.7045141458511353	0.48507481813430786	0.014364778995513916	0.04638628661632538
SIDT1.AS1	0.25427696108818054	0.0	0.005226089619100094	0.3454211950302124	0.2600548565387726
KCTD12	0.03176753222942352	0.6744940280914307	1.2052006721496582	0.028508054092526436	0.10381316393613815
NKG7	0.3481082022190094	0.8991969227790833	0.5211479067802429	2.603633403778076	0.8938437104225159
KIR2DL3	0.0071675414219498634	0.0	0.0012733910698443651	0.41641706228256226	0.01079334132373333
BLNK	0.7371719479560852	0.009904995560646057	0.020773805677890778	0.014279177412390709	0.029059456661343575
RASGRP3	0.5147903561592102	0.01984560303390026	0.01426784135401249	0.02932547964155674	0.03851355239748955
CD19	0.9351831078529358	0.029599202796816826	0.021850138902664185	0.028953909873962402	0.02937486581504345
XCL2	0.012631416320800781	0.028716955333948135	0.018414193764328957	1.4667372703552246	0.13173823058605194
MYCL	0.008680046536028385	0.1284850388765335	0.2938631772994995	0.0074443817138671875	0.03556336835026741
TRDC	0.07243937999010086	0.11984781920909882	0.07799223810434341	2.022783041000366	0.274829626083374
LILRB1	0.22087141871452332	1.1658576726913452	0.3516344428062439	0.05817430093884468	0.057217180728912354
GZMH	0.030949926003813744	0.11911093443632126	0.05385677516460419	1.2296661138534546	0.20961475372314453
RIN2	0.0033858176320791245	0.3690653145313263	0.2215069681406021	0.007141791749745607	0.011169688776135445
GPM6B	0.12261436879634857	0.029719622805714607	0.006484346464276314	0.10344585031270981	0.10624518245458603
LPCAT2	0.014234048314392567	0.8145402669906616	0.3183755576610565	0.00694252410903573	0.03760503605008125
FCGR1A	0.0052550784312188625	0.1474371999502182	0.4146612286567688	0.0	0.012399997562170029
FPR1	0.02139209769666195	0.47885969281196594	0.7171289920806885	0.028819862753152847	0.02898710034787655
PAX5	0.4557549059391022	0.029239574447274208	0.018370939418673515	0.013955618254840374	0.017360122874379158
CXCL8	0.13255128264427185	0.6426783204078674	1.4735370874404907	0.1539447158575058	0.15381336212158203
AKR1C3	0.007141449488699436	0.01940145157277584	0.009096668101847172	1.005542516708374	0.06007161736488342
BIRC7	0.0017065739957615733	0.23285964131355286	0.0026230125222355127	0.0	0.008285146206617355
RAB33A	0.040554847568273544	0.05831150710582733	0.006527801975607872	0.16024214029312134	0.09977967292070389
NMT2	0.0840509757399559	0.040379028767347336	0.02292984165251255	0.2992323935031891	0.42164260149002075
DHRS3	0.026243673637509346	0.029680747538805008	0.014302951283752918	0.38886913657188416	0.18159443140029907
SERPINB10	0.0	0.0	0.09350915998220444	0.0	0.00042040529660880566
RGS18	0.05597624555230141	1.259995460510254	0.8904626369476318	0.0073442598804831505	0.07188183814287186
LRP1	0.01585359126329422	0.4491852819919586	0.4974557161331177	0.014398650266230106	0.04073018208146095
MS4A4A	0.01383135374635458	0.9481089115142822	0.07905106991529465	0.013851183466613293	0.01845499500632286
CTC.523E23.11	0.16122515499591827	0.0	0.005114941857755184	0.2116529494524002	0.32499706745147705
WLS	0.003576705465093255	0.0	0.11431213468313217	0.0	0.0026862474624067545
CD2	0.1639193445444107	0.16276827454566956	0.1224597841501236	0.8810312151908875	1.4212274551391602
ALDH1A1	0.019527237862348557	0.0795399621129036	0.4627540409564972	0.014642057940363884	0.012858428061008453
RRAS	0.026731912046670914	0.6959905028343201	0.12194404006004333	0.050892990082502365	0.05747104808688164
RP11.428G5.5	0.28470125794410706	0.019380250945687294	0.011610053479671478	0.043978720903396606	0.003669649362564087
KLRD1	0.08849383890628815	0.09027161449193954	0.05616166442632675	2.354576587677002	0.37585631012916565
HRH2	0.012096695601940155	0.5375941395759583	0.24178235232830048	0.007288695778697729	0.08273693919181824
BTLA	0.3956284523010254	0.01065993495285511	0.009040145203471184	0.01479495782405138	0.06768523901700974
TCEA3	0.028477299958467484	0.029706010594964027	0.005166732240468264	0.02124163508415222	0.15645208954811096
BANK1	1.6267908811569214	0.03891267254948616	0.0529743991792202	0.05055940896272659	0.0673893541097641
FAM111B	0.11447926610708237	0.010251171886920929	0.0013541089138016105	0.007079123053699732	0.005794788710772991
ABCB4	0.2534125745296478	0.0	0.006477902643382549	0.0	0.010586105287075043
P2RX5	0.8552793264389038	0.04039878770709038	0.024677550420165062	0.02866354025900364	0.08259029686450958
SHTN1	0.007102285511791706	0.20753321051597595	0.35040217638015747	0.0	0.041751597076654434
IFITM1	0.2067854106426239	0.45424097776412964	0.09992063045501709	2.003464460372925	1.458036184310913
C1QA	0.017821166664361954	0.6638375520706177	0.027125844731926918	0.007314216811209917	0.0096328379586339
ADAP2	0.08612679690122604	0.8309555649757385	0.2660481333732605	0.01411441434174776	0.03361885994672775
FCRLA	1.0579451322555542	0.03963618725538254	0.02454449236392975	0.0217507965862751	0.027781793847680092
GZMB	0.07585260272026062	0.10062222182750702	0.09700588881969452	1.9675638675689697	0.16019970178604126
IGSF6	0.04448436573147774	1.5744624137878418	1.0879998207092285	0.04437413066625595	0.11429107189178467
CYBB	0.4808359146118164	1.7302460670471191	1.7455384731292725	0.0503571480512619	0.1038527637720108
CCDC65	0.007111025508493185	0.0	0.007671731989830732	0.17574186623096466	0.12373045086860657
IL18RAP	0.008999601006507874	0.019941022619605064	0.0052740005776286125	0.5919315814971924	0.03787902742624283
LINC01550	0.058440905064344406	0.08832802623510361	0.025755934417247772	0.03520555794239044	0.4053713083267212
GPBAR1	0.030468519777059555	1.5213565826416016	0.5473910570144653	0.021802008152008057	0.0417947992682457
EAF2	1.232183575630188	0.5288086533546448	0.1797569841146469	0.05058518797159195	0.09108742326498032
COL19A1	0.18496283888816833	0.0	0.0012958006700500846	0.0	0.004165703896433115
IGHM	2.2373504638671875	0.2592962384223938	0.22192034125328064	0.1608506441116333	0.2584550380706787
SNX22	0.5241569876670837	0.019920434802770615	0.028534550219774246	0.02913341484963894	0.039793651551008224
CMTM2	0.003655350999906659	0.009978930465877056	0.1600223183631897	0.0	0.005634022410959005
UBASH3A	0.024920370429754257	0.0294966883957386	0.00775060523301363	0.021158739924430847	0.253376305103302
SPOCK2	0.34197601675987244	0.13852056860923767	0.09662765264511108	0.5753530263900757	1.0356343984603882
DOK3	0.11271178722381592	0.46751952171325684	0.40145376324653625	0.014746342785656452	0.02101759985089302
GPM6A	0.10549529641866684	0.0	0.0012535576242953539	0.0	0.004168810322880745
HCAR3	0.01948387920856476	0.7970126271247864	0.22528651356697083	0.014838246628642082	0.01851540245115757
LINC01503	0.0052194539457559586	0.32975804805755615	0.19235968589782715	0.00706682400777936	0.00984073057770729
TGFBI	0.04818329960107803	1.0257792472839355	1.0745704174041748	0.020922809839248657	0.11641239374876022
C1orf220	0.11189059913158417	0.0	0.0026677970308810472	0.0	0.0060844626277685165
FASLG	0.003642614930868149	0.009701794944703579	0.002685698913410306	0.3581725060939789	0.0240816418081522
MARC1	0.0051907761953771114	0.0	0.16247494518756866	0.0	0.0022721567656844854
SIRPG	0.02069607935845852	0.039292316883802414	0.00658779451623559	0.02155064046382904	0.2675524652004242
TAGLN	0.06868948042392731	0.40697214007377625	0.06392686814069748	0.021617555990815163	0.024353936314582825
CEACAM3	0.0036998384166508913	0.30935630202293396	0.019269518554210663	0.00663071870803833	0.0026102964766323566
TLR4	0.012340421788394451	0.3495870530605316	0.3319867253303528	0.021360263228416443	0.014652550220489502
CLIC4	0.3098900318145752	0.07940462231636047	0.11634556204080582	0.0	0.010762491263449192
GNLY	0.30794277787208557	0.45920032262802124	0.38806337118148804	2.54567813873291	0.4988369643688202
CPNE5	0.2830404043197632	0.049321047961711884	0.03630466386675835	0.00728884432464838	0.013301785103976727
CTB.61M7.2	0.008726592175662518	0.11016274988651276	0.45553386211395264	0.021967189386487007	0.011447163298726082
CLEC4E	0.01074178609997034	0.040030587464571	0.729951024055481	0.0	0.017283421009778976
AL928768.3	0.11375182867050171	0.0	0.005269322078675032	0.007212179247289896	0.007431839592754841
CD163	0.008748254738748074	0.010657231323421001	0.39489269256591797	0.0	0.022083692252635956
CCDC141	0.14190539717674255	0.009858896024525166	0.005133396480232477	0.015007715672254562	0.08000394701957703
RORA	0.09640707075595856	0.050037506967782974	0.055763959884643555	0.8693338632583618	0.6736951470375061
PRSS23	0.003582938341423869	0.009658818133175373	0.00644964212551713	0.7735059857368469	0.0374138243496418
HLA.DOB	1.1097424030303955	0.06959407776594162	0.0367605946958065	0.021619146689772606	0.04542510211467743
OSCAR	0.014019083231687546	0.6727445125579834	0.5525012016296387	0.014444096945226192	0.04996732249855995
TCF7L2	0.01220841333270073	1.4435133934020996	0.18745137751102448	0.0591193251311779	0.04230723902583122
COL6A2	0.026598569005727768	0.009851265698671341	0.01028322521597147	0.11117091774940491	0.14315953850746155
SPI1	0.6915197372436523	2.2958247661590576	1.847464919090271	0.0744212418794632	0.1850096732378006
S100P	0.0037301138509064913	0.0	0.09440313279628754	0.007310220506042242	0.0046471464447677135
NRG1	0.00892768893390894	0.02004685439169407	0.3717571496963501	0.007220994681119919	0.013715855777263641
CST7	0.11137612909078598	0.13340657949447632	0.13079075515270233	2.2672548294067383	0.6123754978179932
CHST15	0.054322294890880585	0.5115073323249817	0.24316388368606567	0.0073442598804831505	0.006216192152351141
SERPINA1	0.14544443786144257	2.325765371322632	1.928231954574585	0.11011607944965363	0.19536587595939636
RP6.159A1.4	0.1253187656402588	0.290077805519104	0.406532883644104	0.02856919728219509	0.02689080312848091
ANPEP	0.01066082064062357	0.3645020127296448	0.43212977051734924	0.0	0.03639904782176018
LINC01215	0.35584431886672974	0.10973063856363297	0.015602300874888897	0.0799807533621788	0.13772590458393097
VPREB3	1.3116029500961304	0.009707706049084663	0.026258066296577454	0.013955618254840374	0.028549309819936752
CNTNAP2	0.1698022484779358	0.0	0.002662152284756303	0.0	0.003206640249118209
CBR3	0.075062096118927	0.05950131639838219	0.01038038544356823	0.014732150360941887	0.13476762175559998
ADTRP	0.013934304937720299	0.010121244005858898	0.010460563004016876	0.006939501501619816	0.1644541621208191
IPCEF1	0.024357009679079056	0.18779203295707703	0.18282388150691986	0.22540007531642914	0.27851903438568115
RBP7	0.03760126233100891	0.6934634447097778	1.32285475730896	0.01466893870383501	0.04528723284602165
KIR3DL1	0.0017947782762348652	0.0	0.0	0.28295984864234924	0.010891197249293327
FCRL2	0.6337444186210632	0.019940167665481567	0.013011990115046501	0.01422691997140646	0.012902691960334778
CREB5	0.005177920218557119	0.07006408274173737	0.3725965917110443	0.007467329502105713	0.026110703125596046
BEX2	0.2350284606218338	0.0397711917757988	0.02996014803647995	0.3071604371070862	0.3668654263019562
OSBPL10.AS1	0.1678697168827057	0.0	0.0013594141928479075	0.0	0.0013689856277778745
GIMAP4	0.15746912360191345	1.4248569011688232	0.9974780678749084	1.3153045177459717	1.2692368030548096
RP11.1008C21.1	0.0017065739957615733	0.5382360816001892	0.001293559675104916	0.0	0.002147421706467867
IFITM3	0.0962907150387764	2.23785662651062	1.0048868656158447	0.7764943838119507	0.31052473187446594
CDK14	0.1201377809047699	0.03005010075867176	0.010662131942808628	0.007350453641265631	0.00571418646723032
CFD	0.12129276990890503	2.2257699966430664	1.8800549507141113	0.14589543640613556	0.18255630135536194
ERBB2	0.02395065873861313	0.0	0.006412724032998085	0.2501903176307678	0.011240911670029163
LCK	0.41473981738090515	0.19866499304771423	0.20397913455963135	1.619522213935852	1.728785753250122
LINC00877	0.023239804431796074	0.9012174010276794	0.409201979637146	0.014659455046057701	0.02808762528002262
LY9	0.48812830448150635	0.04872759431600571	0.02854529395699501	0.4259619414806366	0.525058925151825
FAM177B	0.12982991337776184	0.0	0.0	0.006913627497851849	0.0023986846208572388
STAT4	0.0439458042383194	0.049285080283880234	0.018023451790213585	0.5105576515197754	0.32601168751716614
C5AR2	0.012150411494076252	0.32038646936416626	0.0808795690536499	0.014705554582178593	0.009511522017419338
CXCR3	0.05317353829741478	0.020031217485666275	0.017998628318309784	0.24642401933670044	0.2655256390571594
IRAK3	0.043497662991285324	0.5487545728683472	0.5628600716590881	0.014561774209141731	0.029237419366836548
QPCT	0.01628779247403145	0.12828709185123444	0.7492878437042236	0.014587831683456898	0.04036836326122284
CD300E	0.03595879673957825	1.0914571285247803	0.7448890805244446	0.020887240767478943	0.0460885614156723
CD300C	0.010792456567287445	0.8277588486671448	0.2863621711730957	0.07960081100463867	0.048881787806749344
TRAT1	0.08528066426515579	0.058892447501420975	0.049632564187049866	0.07315866649150848	0.8366350531578064
RP11.664D1.1	0.015596210025250912	0.009413118474185467	0.010473363101482391	0.014039651490747929	0.19247648119926453
BCL11B	0.08296428620815277	0.07811988890171051	0.05730610340833664	0.20397551357746124	0.7033144235610962
LINC00926	1.6080145835876465	0.04862275347113609	0.050532903522253036	0.0434434600174427	0.041313979774713516
TESPA1	0.11112616956233978	0.040376048535108566	0.03764290362596512	0.23875375092029572	0.47452542185783386
CD14	0.0994633212685585	0.4703006446361542	1.9275354146957397	0.08130300790071487	0.11994165927171707
ALOX5	0.6525730490684509	1.0078853368759155	0.45474499464035034	0.02765323594212532	0.08592192083597183
MGST1	0.028534866869449615	0.24945127964019775	1.1909716129302979	0.04206322506070137	0.06273907423019409
FAM159A	0.2925206422805786	0.02890142798423767	0.015675440430641174	0.16104157269001007	0.2813866436481476
CSTA	0.1122925654053688	1.951733112335205	2.278296947479248	0.08767302334308624	0.17828746140003204
FCMR	1.3335236310958862	0.168791264295578	0.08997237682342529	0.5145335793495178	0.7851512432098389
HES4	0.023151986300945282	1.5393686294555664	0.09563475847244263	0.03541910648345947	0.028776902705430984
MS4A1	2.2628297805786133	0.11827777326107025	0.1334248036146164	0.14756374061107635	0.15233032405376434
SYT17	0.11306065320968628	0.2080855518579483	0.005067447666078806	0.0	0.003152266377583146
VCAN	0.11677391082048416	0.4541563093662262	2.049247980117798	0.1163860633969307	0.15683947503566742
IGKV1.12	0.11307480186223984	0.0	0.0012891226215288043	0.006913627497851849	0.0014298801543191075
PLBD1	0.03190110623836517	0.5445223450660706	1.0533134937286377	0.028509359806776047	0.09610028564929962
CAMK4	0.08851276338100433	0.06878511607646942	0.03907376900315285	0.0499335415661335	0.6093154549598694
HOMER3	0.010579907335340977	0.029303966090083122	0.12503255903720856	0.007030258886516094	0.006412615068256855
SUSD3	0.32564184069633484	0.13758979737758636	0.07629023492336273	0.04262712597846985	0.5955232381820679
ZNF860	0.1624084860086441	0.0	0.0012872597435489297	0.0	0.0013611576287075877
FCRL1	0.8108890652656555	0.028755227103829384	0.0300483088940382	0.014398017898201942	0.026102550327777863
CXCL16	0.0598178468644619	1.0073837041854858	0.261954665184021	0.021374482661485672	0.03840477019548416
BLVRB	0.15058943629264832	1.1012122631072998	1.5898265838623047	0.1619625836610794	0.22886094450950623
FLT3LG	0.1537875086069107	0.31684210896492004	0.07501000910997391	0.2899817228317261	0.9256845712661743
KLRC1	0.018149472773075104	0.019781647250056267	0.016883298754692078	0.755416214466095	0.12212856858968735
LGALS2	0.1859283745288849	0.946165144443512	2.098492383956909	0.11788956820964813	0.23993328213691711
APOBR	0.019055452197790146	0.4579147398471832	0.4152578115463257	0.46196115016937256	0.12600865960121155
RP11.231C14.7	1.0149632692337036	0.04023473337292671	0.045135464519262314	0.09430108219385147	0.05350290611386299
PDGFD	0.003597402712330222	0.0	0.005171275697648525	0.25795039534568787	0.03373515233397484
HES1	0.11774079501628876	0.6901017427444458	0.09617158025503159	0.014282659627497196	0.016313210129737854
EPS8	0.00684840464964509	0.3194378614425659	0.03732794150710106	0.0	0.012703067623078823
FPR2	0.0016921270871534944	0.1585223525762558	0.13651594519615173	0.0	0.005910034291446209
CLEC7A	0.0804128497838974	1.8837754726409912	1.635878086090088	0.07216290384531021	0.1144782230257988
LYPD2	0.007143260445445776	0.521166205406189	0.009107844904065132	0.01461115013808012	0.006023766938596964
TMEM204	0.04737938195466995	0.01978187821805477	0.016826646402478218	0.08776058256626129	0.2793486416339874
MATK	0.06848369538784027	0.029623961076140404	0.03633265942335129	1.779815435409546	0.3436242341995239
FGL2	0.11551416665315628	1.883960247039795	1.8510730266571045	0.32133948802948	0.18356233835220337
DMXL2	0.0197261031717062	0.5601983070373535	0.6433137655258179	0.0297467652708292	0.03659548610448837
TLR8	0.005535447970032692	0.3386229872703552	0.36294466257095337	0.007331426255404949	0.017350798472762108
GPR27	0.0036138249561190605	0.0	0.09064196795225143	0.007447080221027136	0.005082558374851942
CD8A	0.10546664148569107	0.03915818780660629	0.06297383457422256	0.4006936550140381	0.6918289065361023
CD3E	0.2972789406776428	0.347059041261673	0.2524048686027527	1.0028818845748901	2.0695948600769043
MARCKS	0.33113205432891846	1.5959999561309814	1.0697500705718994	0.00751301646232605	0.06266258656978607
GIMAP7	0.14864912629127502	1.0678383111953735	0.6180793642997742	1.5953117609024048	1.4862202405929565
CCR6	0.4122937023639679	0.010657231323421001	0.007730802986770868	0.02824515663087368	0.08715369552373886
NID1	0.0035307311918586493	0.12938588857650757	0.15055663883686066	0.0	0.004852594807744026
LY86	1.253223180770874	1.106723666191101	1.3693337440490723	0.07158096879720688	0.1749597042798996
LILRA5	0.016418520361185074	1.3367706537246704	0.6695505380630493	0.014233918860554695	0.02892349660396576
SH2D1A	0.055217377841472626	0.09081385284662247	0.04427495226264	0.8440155386924744	0.5631185173988342
IGHG1	0.4414120018482208	0.0	0.010657318867743015	0.0219089575111866	0.01587640307843685
ARHGEF40	0.008832303807139397	0.5367569923400879	0.4258508086204529	0.007471144199371338	0.026876403018832207
SNN	0.29972848296165466	0.4476865828037262	0.25907137989997864	0.014501404017210007	0.15898136794567108
MS4A7	0.18509480357170105	2.174262523651123	0.9777209162712097	0.059069424867630005	0.07657918334007263
DUSP6	0.13024459779262543	1.6960951089859009	1.4307323694229126	0.35380107164382935	0.10625915229320526
LBH	1.2142668962478638	0.19657419621944427	0.10159903019666672	1.0960938930511475	1.287924885749817
HNMT	0.033761169761419296	0.6116936206817627	0.8752327561378479	0.05089879781007767	0.04931443929672241
RNASE2	0.005342829506844282	0.02979321777820587	0.33885377645492554	0.014294053427875042	0.024050943553447723
ADGRG1	0.019739318639039993	0.01962880790233612	0.010211066342890263	1.0814543962478638	0.08361013978719711
DTHD1	0.0018540146993473172	0.0	0.0012733910698443651	0.23356477916240692	0.03509034961462021
SMPDL3A	0.008739994838833809	0.415416419506073	0.14299090206623077	0.014591328799724579	0.006792127620428801
PNOC	0.6262601613998413	0.0689433142542839	0.03252929449081421	0.014965926297008991	0.015655770897865295
CEBPA	0.021258607506752014	1.1435271501541138	0.3294183611869812	0.057899054139852524	0.0676283910870552
CAPN12	0.12992271780967712	0.029705220833420753	0.007826208136975765	0.2920626401901245	0.07346673309803009
CCR1	0.007085753604769707	0.19931231439113617	0.3367563486099243	0.05135354399681091	0.02040931023657322
HIP1R	0.35184839367866516	0.009687972255051136	0.012955492362380028	0.13111115992069244	0.11253353953361511
ZNF385A	0.11979295313358307	0.7597514986991882	0.6171668767929077	0.007163670379668474	0.07432544231414795
BST1	0.012489745393395424	0.4081163704395294	0.6950343251228333	0.02212378941476345	0.04173320159316063
PDE3B	0.05660051852464676	0.01954750344157219	0.08822791278362274	0.056787215173244476	0.3866349458694458
WDR34	0.2212921679019928	0.020177898928523064	0.014119611121714115	0.05058206617832184	0.01274014636874199
TMTC1	0.0	0.2474033236503601	0.047214534133672714	0.0	0.001332881161943078
ATP8B2	0.03420494124293327	0.00950096920132637	0.00773567333817482	0.07995278388261795	0.11272585391998291
CARD9	0.008992215618491173	0.6432132124900818	0.1858033537864685	0.0	0.039980143308639526
PAWR	0.23930573463439941	0.0	0.006415987387299538	0.05078401789069176	0.022670919075608253
CD40	0.8827162384986877	0.2475186139345169	0.06689849495887756	0.03612397238612175	0.04553313925862312
CXCL3	0.0036773658357560635	0.05051601305603981	0.10060421377420425	0.0	0.0018793721683323383
SKAP1	0.40401288866996765	0.10835231840610504	0.061036452651023865	0.7932185530662537	0.6826013326644897
CLIC3	0.04332786053419113	0.03882507234811783	0.04656221717596054	1.7703231573104858	0.14835841953754425
PASK	0.05941231548786163	0.019772008061408997	0.011717282235622406	0.014311696402728558	0.22036322951316833
TLR2	0.008742015808820724	0.408210426568985	0.5072829723358154	0.014445307664573193	0.036536604166030884
FAM129C	1.1016885042190552	0.03942175582051277	0.029737086966633797	0.02227083034813404	0.033488016575574875
CTBP2	0.014024193398654461	0.7198247909545898	0.3321670591831207	0.6707600951194763	0.05333147197961807
LILRB2	0.024994010105729103	1.5423650741577148	0.6737578511238098	0.021992545574903488	0.05260004475712776
RP5.887A10.1	0.23175552487373352	0.0	0.01671026647090912	0.007423237897455692	0.006406113505363464
AATBC	0.0016887675737962127	0.31723544001579285	0.0788278803229332	0.0073394146747887135	0.010993468575179577
KIAA0226L	0.5863963961601257	0.06857126206159592	0.06642567366361618	0.013955618254840374	0.030045025050640106
BATF3	0.009141338057816029	0.9296168088912964	0.05971972644329071	0.014938989654183388	0.04098803177475929
C10orf11	0.0034957427997142076	0.20799295604228973	0.28322872519493103	0.014499780721962452	0.03803298994898796
SIT1	0.3986208438873291	0.05961372330784798	0.05080903321504593	0.021615564823150635	0.549121081829071
RAMP1	0.0018156904261559248	0.0	0.0013485827948898077	0.20500065386295319	0.004584720823913813
EPB41L3	0.008803794160485268	0.5594955086708069	0.2342791110277176	0.013980680145323277	0.03271755576133728
LYN	0.8645679354667664	2.083960771560669	1.1244289875030518	0.6847368478775024	0.13344620168209076
SAMD3	0.04760342836380005	0.04915007948875427	0.031086061149835587	1.35130774974823	0.4342406690120697
POU2AF1	0.6608737111091614	0.0	0.015530369244515896	0.0	0.025173142552375793
CLEC12A	0.0394703634083271	1.3277698755264282	1.076674461364746	0.044082146137952805	0.059615232050418854
CSF3R	0.05388522520661354	0.6845895051956177	1.4442894458770752	0.0717613622546196	0.10732842236757278
RP11.111A22.1	0.27625057101249695	0.019556382670998573	0.006444974802434444	0.0	0.004269480239599943
TMEM156	0.764937162399292	0.0	0.0339881107211113	0.20206215977668762	0.18958087265491486
TBC1D8	0.00548997288569808	0.43984273076057434	0.050139255821704865	0.007039037998765707	0.006083063781261444
TNFSF13B	0.10244010388851166	1.3571712970733643	1.5975160598754883	0.1011664941906929	0.16776373982429504
CD302	0.05576087161898613	1.3522430658340454	1.3334628343582153	0.050292134284973145	0.10173182934522629
TNFRSF13C	1.3636151552200317	0.0	0.02744898945093155	0.0511724129319191	0.06394673883914948
RP11.102N12.3	0.2860715687274933	0.12046576291322708	0.05902119353413582	0.0	0.010675610974431038
HCK	0.3218553364276886	2.1156628131866455	0.992587149143219	0.050579462200403214	0.12312638014554977
ZNF703	0.05776533856987953	1.1596310138702393	0.28451377153396606	0.021353626623749733	0.030200224369764328
TESC	0.03890904411673546	1.2432533502578735	0.485344797372818	0.18354041874408722	0.07243476063013077
MAFB	0.03823288530111313	1.5212379693984985	0.6349835395812988	0.03620007261633873	0.03294004499912262
HVCN1	1.3989719152450562	0.8248169422149658	0.3446517586708069	0.28314685821533203	0.14683233201503754
CD3G	0.1447666436433792	0.149466410279274	0.11099434643983841	0.17712046205997467	1.5229508876800537
BLK	0.8903277516365051	0.01996748335659504	0.020956140011548996	0.021406516432762146	0.03025451861321926
MCTP1	0.010500887408852577	0.5605491995811462	0.3203611373901367	0.00733253825455904	0.033230870962142944
MIR181A2HG	0.007336437236517668	0.0	0.0038916943594813347	0.29472294449806213	0.008794808760285378
C3AR1	0.008859755471348763	0.8040699362754822	0.11082848161458969	0.043581411242485046	0.025654170662164688
S1PR5	0.016073506325483322	0.010016776621341705	0.015514715574681759	1.1536039113998413	0.11331335455179214
RP11.362F19.1	0.01203667651861906	0.6914440393447876	0.14846079051494598	0.00663071870803833	0.00939189177006483
CD93	0.021408701315522194	0.35661613941192627	0.8226901888847351	0.0357586033642292	0.04774573817849159
ADGRE2	0.02664862759411335	1.065293788909912	0.29409828782081604	0.021771902218461037	0.037660032510757446
AQP3	0.07793128490447998	0.059278495609760284	0.042763128876686096	0.10690584778785706	0.6527732610702515
KCNG1	0.20099247992038727	0.009875820949673653	0.0052064028568565845	0.007179718930274248	0.0037199303042143583
PLXNB2	0.015996288508176804	0.8019287586212158	0.48512521386146545	0.007440167013555765	0.05167316645383835
RHOC	0.2319013923406601	2.110609292984009	0.3310914933681488	1.8773120641708374	0.3648454248905182
C5AR1	0.028966370970010757	1.4102535247802734	0.6929304003715515	0.02224390208721161	0.026695188134908676
TPPP3	0.007041162345558405	0.5906238555908203	0.18029840290546417	0.013981007970869541	0.031177930533885956
SPRED1	0.008804593235254288	0.33754342794418335	0.0555938296020031	0.00753934308886528	0.006524527445435524
PRKCQ	0.01626487262547016	0.019164489582180977	0.01157546229660511	0.12428257614374161	0.16026915609836578
ITGA6	0.027638791128993034	0.020449664443731308	0.011759423650801182	0.13858656585216522	0.219947949051857
SYNE2	0.24551555514335632	0.1390194445848465	0.03369377553462982	0.9304956197738647	0.7026185989379883
IGLC3	0.9960023164749146	0.13011567294597626	0.08967176824808121	0.10310455411672592	0.08752071857452393
FCRL6	0.023331234231591225	0.029963752254843712	0.017043545842170715	0.8665676116943359	0.11711466312408447
ASGR1	0.028901541605591774	0.5839288234710693	0.9933660626411438	0.014569875784218311	0.04730929434299469
OLIG1	0.003374282969161868	0.4242541491985321	0.3053206503391266	0.007304728962481022	0.008064370602369308
ITM2A	0.11453182995319366	0.058724112808704376	0.037646397948265076	0.24276483058929443	0.636018693447113
TSHZ2	0.04460744932293892	0.0	0.010495668277144432	0.022106453776359558	0.22077816724777222
GFOD1	0.07783765345811844	0.16917088627815247	0.04048009589314461	0.4103505611419678	0.023800600320100784
CD38	0.07986278086900711	0.04962737485766411	0.03241921216249466	0.4978671967983246	0.04519597440958023
ANKRD20A4	0.0018706044647842646	0.0	0.0	0.27458569407463074	0.011683034710586071
CDH23	0.01599275879561901	0.6772883534431458	0.13493500649929047	0.028621293604373932	0.035374097526073456
CPPED1	0.08950376510620117	1.6728003025054932	0.9009934067726135	0.07329370826482773	0.12744581699371338
TMIGD2	0.04979297146201134	0.029807794839143753	0.021838311105966568	0.4629272520542145	0.2956429421901703
PTGS2	0.016282007098197937	0.29068389534950256	0.5014732480049133	0.00733253825455904	0.03304124251008034
TRAV4	0.008946101181209087	0.0	0.0013323999010026455	0.0	0.07857924699783325
NCR1	0.0	0.009679518640041351	0.001308200415223837	0.5103873610496521	0.009655231609940529
TNFRSF8	0.005223577376455069	0.470226913690567	0.07327286154031754	0.0	0.0034921832848340273
XCL1	0.005358215421438217	0.010011767037212849	0.006566242780536413	0.8126798868179321	0.05356999486684799
TTC21A	0.18044514954090118	0.019557375460863113	0.016712874174118042	0.00678180530667305	0.013317563571035862
CYP1B1	0.0035489180590957403	0.07956725358963013	0.5333715081214905	0.007299588527530432	0.008637960068881512
CSF1R	0.02997671626508236	1.6192435026168823	0.4803921580314636	0.028659701347351074	0.06481171399354935
BCL7A	0.7152324914932251	0.039416469633579254	0.011689357459545135	0.028961943462491035	0.06396931409835815
VMO1	0.0017065739957615733	0.2855067849159241	0.007763510569930077	0.0	0.0038786332588642836
KIF13A	0.012547455728054047	0.05943964049220085	0.19435863196849823	0.022006388753652573	0.00966010894626379
MAL	0.09715832769870758	0.0690438374876976	0.0378543995320797	0.050239600241184235	0.7378101944923401
OLFM2	0.015764323994517326	0.0	0.0	0.03612392023205757	0.10111576318740845
OCIAD2	0.682483971118927	0.08911381661891937	0.1261965036392212	0.564755380153656	0.993550181388855
FYB	0.21764789521694183	1.7536706924438477	1.6790573596954346	1.3037307262420654	1.5922975540161133
CALML4	0.0017964041326195002	0.2881438732147217	0.046011898666620255	0.014093387871980667	0.00863208994269371
FEZ1	0.007055479101836681	0.00957777164876461	0.0038871944416314363	0.4645630121231079	0.03791183978319168
LEF1	0.17410239577293396	0.11868254840373993	0.10915236175060272	0.11450787633657455	1.0884604454040527
CD5	0.09486711770296097	0.0495021753013134	0.03747296333312988	0.05018658563494682	0.5071131587028503
RIC3	0.5135241746902466	0.009756655432283878	0.0205675195902586	0.014096307568252087	0.3230641484260559
CES1	0.017863988876342773	0.1094633936882019	0.48249784111976624	0.03633062168955803	0.07774118334054947
PPP1R14A	0.4126277267932892	0.010148308239877224	0.012922337278723717	0.014666224829852581	0.03397531434893608
CRTC3	0.2906983494758606	0.029610080644488335	0.18098126351833344	0.26308193802833557	0.3653402030467987
IGFBP7	0.017988739535212517	0.27930572628974915	0.1889193207025528	1.1333824396133423	0.06636602431535721
E2F5	0.22637604176998138	0.00975380651652813	0.01161146443337202	0.057824160903692245	0.011492119170725346
AC013264.2	0.02303062006831169	0.0	0.018277607858181	0.028531445190310478	0.2700413763523102
LILRA1	0.017778942361474037	0.9983887076377869	0.4128056466579437	0.007179718930274248	0.034102700650691986
VSTM1	0.007049195468425751	0.1787019819021225	0.2520788609981537	0.014240363612771034	0.010681750252842903
WARS	0.06938466429710388	1.6526110172271729	0.5456516146659851	0.05780176818370819	0.1307201385498047
HK3	0.0089512187987566	0.7420315742492676	0.21494510769844055	0.021362030878663063	0.021986335515975952
CACNA2D3	0.007178816478699446	0.06892084330320358	0.31622037291526794	0.007423237897455692	0.0574590340256691
TXK	0.030171265825629234	0.029758617281913757	0.033565375953912735	0.9429965615272522	0.4881345331668854
LPAR5	0.16328078508377075	0.03958264738321304	0.006476717535406351	0.21806767582893372	0.06706839799880981
CTSL	0.008958738297224045	0.823567271232605	0.0511246956884861	0.006938812788575888	0.04886568710207939
FCAR	0.008709033951163292	0.03901459276676178	0.17880262434482574	0.0	0.005898625124245882
TNFRSF13B	0.35413044691085815	0.0	0.0026676428969949484	0.0	0.008714206516742706
CTD.2006K23.1	0.015870658680796623	0.6094329357147217	0.10404359549283981	0.014015919528901577	0.01667305827140808
CPVL	0.08646054565906525	1.6281551122665405	1.3487192392349243	0.06489119678735733	0.12206514924764633
ABI3	0.15446504950523376	1.8475850820541382	0.44435104727745056	1.1354931592941284	0.3140658140182495
AC092580.4	0.022914888337254524	0.028968598693609238	0.03509873151779175	0.39785048365592957	0.38571983575820923
LKAAEAR1	0.001773505937308073	0.32649561762809753	0.01804761029779911	0.0	0.005570004694163799
TTC38	0.014413411729037762	0.09943535923957825	0.05462571606040001	1.1541861295700073	0.07658638060092926
KIR2DL1	0.003650215221568942	0.0	0.0038773692212998867	0.3801887035369873	0.016604403033852577
ARHGAP24	0.9562056660652161	0.08059661835432053	0.23706687986850739	0.0	0.026698704808950424
KLK1	0.13966849446296692	0.010094072669744492	0.010357489809393883	0.0	0.003237223718315363
SLC2A6	0.30619868636131287	1.237750768661499	0.2814141511917114	0.0367293581366539	0.0777072012424469
HOPX	0.11997810751199722	0.10809127986431122	0.05754997208714485	2.158480167388916	0.40731489658355713
CLEC4D	0.0018610532861202955	0.01997239701449871	0.1991083025932312	0.0	0.0017537623643875122
ADAM28	1.0612808465957642	0.019516410306096077	0.05692407488822937	0.11594768613576889	0.062154095619916916
CMC1	0.17335936427116394	0.40012842416763306	0.20681604743003845	1.8846224546432495	0.5067482590675354
RASGRP1	0.12704873085021973	0.03961677476763725	0.03158074617385864	0.2830161452293396	0.4170437455177307
FCN1	0.3208822011947632	1.9910447597503662	2.414710283279419	0.26386651396751404	0.3586415946483612
FOLR2	0.04066803306341171	0.11008744686841965	0.14408059418201447	0.0	0.0081486776471138
AP001059.6	0.16540637612342834	0.0	0.005154779180884361	0.0	0.00979207456111908
PLEKHF1	0.03408200666308403	0.049847979098558426	0.012824582867324352	0.7860328555107117	0.16500943899154663
LILRB4	0.01230721827596426	0.46959999203681946	0.2898726165294647	0.014425481669604778	0.05183872953057289
LGALS9B	0.0018647985998541117	0.020003339275717735	0.00767864566296339	0.26277631521224976	0.00392697611823678
TRGC2	0.04007018730044365	0.10838556289672852	0.03921719640493393	0.6326244473457336	0.49232572317123413
FCGR2B	0.5296781063079834	0.0696532130241394	0.03788604214787483	0.0	0.037670619785785675
RP11.297B17.3	0.28073856234550476	0.0	0.0026192828081548214	0.007190732751041651	0.0032109227031469345
KIAA0125	0.6551674604415894	0.0	0.014234023168683052	0.05111752822995186	0.030459942296147346
TBX21	0.03777182474732399	0.03956970199942589	0.009176896885037422	1.0943297147750854	0.11851931363344193
MTSS1	0.4610193967819214	1.5204745531082153	0.1818159818649292	0.31693243980407715	0.08554109185934067
STAP1	0.36656349897384644	0.0	0.002570816781371832	0.02844778262078762	0.01567125879228115
C3orf14	0.014250501990318298	0.4068028926849365	0.09710624814033508	0.007304728962481022	0.029362017288804054
CASC8	0.0017860622610896826	0.029818298295140266	0.16139718890190125	0.007486559916287661	0.006997098680585623
LINC01506	0.0054356311447918415	0.32978129386901855	0.1438986212015152	0.01480271015316248	0.006719426717609167
G0S2	0.018152888864278793	0.22755968570709229	0.3738408386707306	0.0	0.022778160870075226
MGLL	0.014078103937208652	0.43679583072662354	0.052715640515089035	0.00678180530667305	0.020935162901878357
IGLL5	0.18426834046840668	0.009836065582931042	0.0026710983365774155	0.014966362155973911	0.005973095539957285
LMO2	0.04858851805329323	1.122759222984314	0.5402446389198303	0.006801147013902664	0.06038562208414078
CTDSPL	0.003478595521301031	0.019890300929546356	0.0904533714056015	0.0	0.0036491798236966133
KCNE3	0.01447466854006052	0.37133219838142395	0.4916568398475647	0.021264279261231422	0.02470456063747406
CCDC102A	0.10222164541482925	0.0	0.005220826715230942	0.27095451951026917	0.10145843029022217
RAB30	0.2593325972557068	0.029602419584989548	0.0052414508536458015	0.013880734331905842	0.047820255160331726
FGFBP2	0.05514823645353317	0.0898781567811966	0.06659504026174545	1.8832710981369019	0.2014762908220291
MZB1	0.6347476840019226	0.019761227071285248	0.03374967724084854	0.0579187236726284	0.039520714432001114
BACE2	0.30117589235305786	0.019970497116446495	0.0025505709927529097	0.014651743695139885	0.008766263723373413
FAM26F	0.9677264094352722	1.9337128400802612	0.674648642539978	0.1973550021648407	0.1315365880727768
HMOX1	0.05845246836543083	1.3498103618621826	0.3703467547893524	0.05730454996228218	0.033974770456552505
MLC1	0.0037076850421726704	0.059093818068504333	0.006495040841400623	0.27760910987854004	0.006041269749403
NFAM1	0.014036441221833229	0.2762693464756012	0.4002076983451843	0.0	0.02173616550862789
PKIG	0.748931348323822	0.029751097783446312	0.02482079714536667	0.007335407193750143	0.04859340935945511
