	avg_B cell	avg_Dendritic cell	avg_Monocyte	avg_NK cell	avg_T cell
LINC00402	0.021371178328990936	0.009700732305645943	0.018057331442832947	0.014305898919701576	0.19297170639038086
LINC01272	0.03386508300900459	2.1768221855163574	0.9965978264808655	0.050929609686136246	0.060832537710666656
KLRG1	0.08377718180418015	0.06932685524225235	0.05627243593335152	1.0926910638809204	0.5220186114311218
SH2D1B	0.005375881679356098	0.32004010677337646	0.01165748294442892	0.8038044571876526	0.014307910576462746
GLT1D1	0.006921559106558561	0.08929108828306198	0.23044811189174652	0.029268309473991394	0.006924319546669722
MMP17	0.14267364144325256	0.11803951114416122	0.07680714130401611	0.0	0.00625281035900116
CLMN	0.10185166448354721	0.02024257183074951	0.18400807678699493	0.014727793633937836	0.01032591424882412
LRRC25	0.05011994391679764	1.7845721244812012	0.6449652314186096	0.02910291589796543	0.07751265168190002
VNN3	0.0	0.0	0.09894018620252609	0.0	0.00046660128282383084
SPN	0.09952922910451889	1.582708716392517	0.5311263799667358	1.2094014883041382	0.5599241852760315
MEG3	0.005527812521904707	0.35550016164779663	0.006536087952554226	0.0	0.00704404478892684
MMP23B	0.010792691260576248	0.010246102698147297	0.007758656982332468	0.43962031602859497	0.03901442140340805
GPX7	0.119473397731781	0.009716685861349106	0.014517515897750854	0.10132230818271637	0.13601656258106232
LDLRAP1	0.19767314195632935	0.08008143305778503	0.13745005428791046	0.27872005105018616	0.8861872553825378
HSPA6	0.012129025533795357	0.3220546245574951	0.13597765564918518	0.05134383961558342	0.014769666828215122
SPON2	0.03957108408212662	0.12911759316921234	0.035163067281246185	1.7660763263702393	0.15707279741764069
IL10RB.AS1	0.03401780128479004	0.3575848937034607	0.11577243357896805	0.03576243668794632	0.023215176537632942
TNFAIP2	0.03200894221663475	0.9103233814239502	0.9085232019424438	0.007340380921959877	0.07721154391765594
SLA2	0.024300293996930122	0.019458770751953125	0.019484475255012512	0.2784115672111511	0.18427470326423645
UNC119	0.3115170896053314	1.3228120803833008	0.328919917345047	0.3299102783203125	0.24305866658687592
RP11.960L18.1	0.19851328432559967	0.08846964687108994	0.04786519706249237	0.03609686344861984	0.003943157847970724
TNFAIP6	0.0018375975778326392	0.009986204095184803	0.1061682477593422	0.0	0.0013382413890212774
CD68	0.14127494394779205	2.258450746536255	1.5930554866790771	0.05815454572439194	0.1403457075357437
IL6R	0.04953906312584877	0.31031060218811035	0.45371443033218384	0.05062684789299965	0.3320336639881134
CD4	0.08355303108692169	1.253101110458374	0.9911566972732544	0.042781803756952286	0.33395835757255554
MNDA	0.2644055187702179	2.0479493141174316	2.3659627437591553	0.17627815902233124	0.23900152742862701
BCL2	0.48605793714523315	0.09922442585229874	0.06458909064531326	0.19033606350421906	0.5461397171020508
TNFRSF17	0.18136578798294067	0.0	0.0026536183431744576	0.0	0.006512061692774296
RP11.1143G9.4	0.1566973477602005	1.1000128984451294	2.3783814907073975	0.1322944462299347	0.25104883313179016
AC006369.2	0.01552518829703331	0.0	0.007870739325881004	0.1622256487607956	0.1801910698413849
BID	0.17779310047626495	1.7757761478424072	0.8487148284912109	0.5494589805603027	0.30618366599082947
IL32	0.535126805305481	0.594226598739624	0.6015610694885254	1.025368094444275	2.229095935821533
NEURL1	0.010675686411559582	0.6816194653511047	0.053021855652332306	0.014705943875014782	0.020139826461672783
NAIP	0.13173124194145203	0.33083540201187134	0.9608373641967773	0.10109803080558777	0.14294210076332092
APP	0.2424575686454773	0.2276962697505951	0.4024052917957306	0.036059681326150894	0.17300084233283997
S100Z	0.010850588791072369	0.46148768067359924	0.2619803547859192	0.0072647701017558575	0.022469697520136833
TCL1A	1.6250027418136597	0.20870260894298553	0.12165959179401398	0.08293358981609344	0.11201216280460358
TIMP2	0.03177304193377495	0.5432366132736206	0.7119254469871521	0.014169959351420403	0.05450575798749924
BACH2	0.37427476048469543	0.05945803225040436	0.022078773006796837	0.0656743198633194	0.16607864201068878
ENTPD1	0.2550896108150482	0.5220392942428589	0.629851758480072	0.028928523883223534	0.06259048730134964
TRGC1	0.025278016924858093	0.02955925278365612	0.026002323254942894	0.7504860758781433	0.22369149327278137
IGLC2	1.1119242906570435	0.11998246610164642	0.10153273493051529	0.09549577534198761	0.10741645097732544
PTGDR2	0.0016887675737962127	0.2871783375740051	0.0025401227176189423	0.0	0.015138977207243443
CX3CR1	0.019545216113328934	1.103305697441101	0.5127130746841431	0.8625089526176453	0.08134766668081284
OLR1	0.0	0.06867644935846329	0.12487611919641495	0.0	0.008786390535533428
GZMA	0.14203566312789917	0.11857197433710098	0.16971249878406525	2.3349714279174805	0.7180992960929871
MPEG1	0.3388470709323883	1.5353562831878662	1.4711881875991821	0.05056620389223099	0.10727672278881073
TMEM176B	0.030122807249426842	0.6691381931304932	0.41485148668289185	0.0	0.021491337567567825
LY96	0.1954612135887146	1.1484897136688232	1.1404240131378174	0.05688023567199707	0.1632414013147354
PPM1N	0.11612975597381592	0.6567608714103699	0.03481603413820267	0.07274720072746277	0.10839462280273438
IL2RB	0.06507588922977448	0.03899769112467766	0.05458301305770874	1.8159805536270142	0.3029751181602478
SECTM1	0.012056153267621994	0.8251069188117981	0.22920788824558258	0.021713312715291977	0.02199598401784897
EBF1	0.3306623697280884	0.0	0.002531615551561117	0.0073315855115652084	0.004137415438890457
ZNF439	0.2521798014640808	0.0688386857509613	0.016871217638254166	0.1311502456665039	0.12424550205469131
IL1B	0.06890765577554703	0.7564652562141418	1.3166979551315308	0.07338570803403854	0.137250155210495
AC079767.4	0.3124505579471588	0.019484743475914	0.005145312752574682	0.007389384787529707	0.006395281292498112
CD36	0.04699060693383217	0.49488455057144165	1.5371038913726807	0.05124043673276901	0.10310450941324234
FAM102A	0.15318067371845245	0.01998833380639553	0.04392703250050545	0.05075719952583313	0.48716652393341064
ADA	0.05313970148563385	1.2090564966201782	0.10908059775829315	0.4430970251560211	0.25937536358833313
FOLR3	0.0036943801678717136	0.029379727318882942	0.27622783184051514	0.0	0.003620099276304245
CD72	0.8113048672676086	0.019805192947387695	0.04034886136651039	0.1097978949546814	0.04510612040758133
MARCH1	1.2235102653503418	1.03762686252594	0.9074937105178833	0.05048736557364464	0.0853874534368515
CRTAM	0.01566210389137268	0.09821531176567078	0.0887620598077774	0.16053688526153564	0.195485457777977
MCEMP1	0.010784787125885487	0.02978275902569294	0.28449782729148865	0.0	0.008624257519841194
RP11.670E13.6	0.012732625007629395	0.14046728610992432	0.1787695735692978	0.022023186087608337	0.013239223510026932
TMEM154	0.7876700162887573	0.9872773289680481	0.6155582666397095	0.06400388479232788	0.23731711506843567
LINC00861	0.11247637122869492	0.18796949088573456	0.100217804312706	0.9920846223831177	0.9301463961601257
ABCC3	0.012295608408749104	0.45417141914367676	0.1415610909461975	0.007039037998765707	0.013207570649683475
UPK3A	0.003594400826841593	0.21805426478385925	0.2150583565235138	0.0	0.050279855728149414
PTPN4	0.2739834189414978	0.16001316905021667	0.08078018575906754	1.1226307153701782	0.7071875929832458
IFIT3	0.050555940717458725	0.4640292525291443	0.09695042669773102	0.08876262605190277	0.028635745868086815
KLRF1	0.033916302025318146	0.04002448916435242	0.0416993647813797	2.1939361095428467	0.1044313982129097
SLC24A4	0.008610289543867111	0.5564450025558472	0.3065739870071411	0.02219998836517334	0.022647211328148842
CKB	0.0037120473571121693	0.5921658873558044	0.013045839965343475	0.0	0.009700569324195385
ZSCAN18	0.31679174304008484	0.029477858915925026	0.027295762673020363	0.25666525959968567	0.2827637791633606
IKZF3	0.6835021376609802	0.08835320174694061	0.04035200551152229	0.5129978060722351	0.3999069035053253
CD226	0.01782875321805477	0.040521278977394104	0.01039334200322628	0.4038894474506378	0.17513659596443176
MS4A6A	0.07379204034805298	0.5728052854537964	1.9190421104431152	0.07396590709686279	0.1450992375612259
ZDHHC1	0.0071318368427455425	0.37084493041038513	0.20873908698558807	0.0	0.015943298116326332
LRRK2	0.17484766244888306	0.6240113973617554	0.7750992774963379	0.02864670194685459	0.043684765696525574
PYHIN1	0.08383377641439438	0.049050573259592056	0.02333589270710945	1.402968406677246	0.40289053320884705
KLRB1	0.1839752197265625	0.230769082903862	0.20677639544010162	2.313929557800293	0.6683662533760071
TNIK	0.023173794150352478	0.06924010813236237	0.015487239696085453	0.32988303899765015	0.2820354700088501
BCL11A	0.9294578433036804	0.30753466486930847	0.1538611501455307	0.02174440398812294	0.059552282094955444
LILRA2	0.05643653869628906	1.3490732908248901	0.6292741298675537	0.013940326869487762	0.06852065771818161
CD300A	0.05715082585811615	1.391493320465088	0.42214101552963257	1.296982765197754	0.21602880954742432
MEFV	0.00871653575450182	0.36766475439071655	0.18737562000751495	0.0074189892038702965	0.015163279138505459
NELL2	0.054559770971536636	0.04950777441263199	0.053964801132678986	0.04287941753864288	0.49328649044036865
MDS2	0.08736389875411987	0.0	0.013029342517256737	0.021702047437429428	0.16706106066703796
MEF2C	1.752002239227295	1.387591004371643	1.1442331075668335	0.1381213366985321	0.10333336144685745
DENND5B	0.12035956233739853	0.00999857671558857	0.006485867314040661	0.0	0.00913095474243164
SPIB	0.9549239277839661	0.04893243685364723	0.02566877380013466	0.02899858169257641	0.04120507836341858
DOCK5	0.01802058517932892	0.8588824272155762	0.29210883378982544	0.04428422823548317	0.033957164734601974
PTGDR	0.015970569103956223	0.019396206364035606	0.01039243582636118	1.2328332662582397	0.13198481500148773
ALDH3B1	0.008981403894722462	0.7190082669258118	0.3006890118122101	0.02220001630485058	0.03260907158255577
CCL4	0.10015864670276642	0.2614372968673706	0.3397062420845032	1.784243106842041	0.3107674717903137
PLPP5	1.1809319257736206	0.16875521838665009	0.0950363352894783	0.14542341232299805	0.13569007813930511
BTK	0.7911401391029358	0.9305102229118347	0.3931697607040405	0.021663760766386986	0.06954432278871536
GRAP2	0.21446089446544647	0.009833206422626972	0.05214652046561241	0.33488884568214417	0.5512264370918274
IGHA1	0.20865947008132935	0.029970863834023476	0.018111683428287506	0.036155059933662415	0.013669378124177456
LINC01013	0.13936828076839447	0.0	0.001293331733904779	0.0	0.0032031743321567774
EPHA1.AS1	0.014104895293712616	0.12834425270557404	0.10134564340114594	0.014704587869346142	0.15075737237930298
GATA3	0.0422636941075325	0.019407043233513832	0.035148464143276215	0.48428910970687866	0.4532555043697357
CD27	0.5248875617980957	0.17882408201694489	0.1387738287448883	0.21081040799617767	1.4278225898742676
YBX3	0.37629345059394836	0.9079201817512512	1.0717060565948486	0.07273878902196884	0.23471024632453918
RP11.693J15.5	0.6760774254798889	0.019649920985102654	0.006456771399825811	0.007303515449166298	0.013400162570178509
VSIG1	0.021371763199567795	0.0	0.0026009101420640945	0.0	0.12568838894367218
GIMAP1	0.1186373233795166	0.7970483303070068	0.4881540536880493	0.8898844718933105	0.9175606966018677
CRISPLD2	0.005298153962939978	0.0	0.14481323957443237	0.00738520035520196	0.004943626467138529
SCML4	0.13136738538742065	0.02983587607741356	0.024588117375969887	0.15284933149814606	0.3195067346096039
CYB561A3	1.3715239763259888	0.47074297070503235	0.2603137791156769	0.2993815541267395	0.2850324213504791
GNG7	0.8751556277275085	0.05096801742911339	0.06004766747355461	0.013864860869944096	0.07906051725149155
DBNDD1	0.11774227768182755	0.0	0.0012872008373960853	0.0	0.009906542487442493
SLC38A1	0.6289629936218262	0.0990666002035141	0.09368564188480377	0.6706355214118958	0.7138324975967407
AQP9	0.0018242334481328726	0.019606396555900574	0.12224765866994858	0.0	0.0017722640186548233
TLR10	0.600171685218811	0.05886827036738396	0.021983947604894638	0.02196461893618107	0.02399676851928234
CLEC4A	0.15599805116653442	1.0717217922210693	1.1950093507766724	0.07234424352645874	0.11498959362506866
CDC42EP1	0.009248008020222187	0.01943349838256836	0.13658331334590912	0.007341025862842798	0.006636252161115408
AK5	0.02318507991731167	0.019582372158765793	0.014268997125327587	0.058228980749845505	0.19691306352615356
SLAMF6	0.23579122126102448	0.029469167813658714	0.010277096182107925	0.25403574109077454	0.16141200065612793
CD160	0.026914004236459732	0.029067883267998695	0.013049077242612839	1.4453740119934082	0.1479375958442688
SIRPA	0.017881013453006744	0.14825303852558136	0.39792144298553467	0.0	0.0345756933093071
UTF1	0.01825941726565361	0.30664142966270447	0.07674041390419006	0.00678180530667305	0.01342662051320076
CENPV	0.14414137601852417	0.01016252301633358	0.010408647358417511	0.08100637048482895	0.107650987803936
CD247	0.167169988155365	0.1683458685874939	0.13175341486930847	2.0306191444396973	1.046441912651062
GPR137B	0.02314135804772377	0.47079241275787354	0.07646944373846054	0.03784027695655823	0.07109925150871277
C1orf21	0.010847263038158417	0.019582536071538925	0.0181489959359169	0.7477840185165405	0.09096170216798782
AIM2	0.22104576230049133	0.10038292407989502	0.024993760511279106	0.006938812788575888	0.025745678693056107
CAMK1	0.035452909767627716	1.1855634450912476	0.4664371609687805	0.08691094070672989	0.05853302776813507
TREM1	0.0255300123244524	0.18708185851573944	0.47066959738731384	0.014000657014548779	0.03441175818443298
PILRA	0.0362326055765152	1.9000433683395386	0.8978593349456787	0.035649508237838745	0.08030863106250763
AOAH	0.026891041547060013	0.8237966299057007	0.6760808229446411	0.6222309470176697	0.1479942947626114
IGHG3	0.2872768044471741	0.009674987755715847	0.0039818244986236095	0.014660612680017948	0.0060007646679878235
CD28	0.024651769548654556	0.0873679369688034	0.020531246438622475	0.021445559337735176	0.3119223117828369
CUX1	0.1663600206375122	1.3207653760910034	0.39766281843185425	0.13830506801605225	0.1791703999042511
FCER2	1.261936068534851	0.07005496323108673	0.0471416600048542	0.03658004850149155	0.03236425668001175
EPHX2	0.028413092717528343	0.0	0.01287745125591755	0.035597868263721466	0.2654852867126465
CD3D	0.40676212310791016	0.5590177774429321	0.4192347824573517	0.35737544298171997	2.1588940620422363
IFI30	0.1387016773223877	2.0546133518218994	1.2699934244155884	0.04433809593319893	0.11283034086227417
ELANE	0.005321593955159187	0.029759828001260757	0.11646521836519241	0.007325425744056702	0.0031896803993731737
CFP	0.10835729539394379	2.0121164321899414	1.6626311540603638	0.08853977173566818	0.25881293416023254
FGD2	0.5098251700401306	1.0264874696731567	0.38920485973358154	0.02828233875334263	0.06827553361654282
RASSF2	0.1494293510913849	0.4690750539302826	0.6042942404747009	0.02963307686150074	0.12234260141849518
FAM198B	0.01431873720139265	0.3725880980491638	0.600174605846405	0.021258478984236717	0.02153838612139225
KLF4	0.26724234223365784	2.0372776985168457	1.720533013343811	0.16814279556274414	0.19219143688678741
PKHD1L1	0.11380725353956223	0.0	0.0	0.0	0.0013443604111671448
ARL11	0.11960240453481674	0.3382512629032135	0.15627694129943848	0.021252239122986794	0.018007466569542885
ARRB1	0.023005500435829163	0.7113193273544312	0.3203705847263336	0.24738816916942596	0.0807352364063263
PSTPIP2	0.019624177366495132	0.5429912805557251	0.23715223371982574	0.1379586160182953	0.0845528244972229
SIGLEC10	0.2118673026561737	1.4608826637268066	0.14102593064308167	0.057657353579998016	0.040711987763643265
IL7R	0.23664267361164093	0.2102167308330536	0.21056467294692993	0.2741411328315735	1.5845714807510376
TSPAN13	0.8934269547462463	0.010223460383713245	0.019634515047073364	0.05775120481848717	0.02060568705201149
SCIMP	0.37602075934410095	1.2855589389801025	0.5077898502349854	0.11028053611516953	0.05876867473125458
FCGR3A	0.06695590913295746	2.3335373401641846	0.15409432351589203	1.8810192346572876	0.15032236278057098
DERL3	0.2126808613538742	0.009851153008639812	0.007799576502293348	0.014592431485652924	0.012994391843676567
SH2D2A	0.0285086277872324	0.009681886062026024	0.019428720697760582	0.4561242461204529	0.17315930128097534
NCF1	1.7542091608047485	0.6386660933494568	1.5283910036087036	0.15257933735847473	0.5664186477661133
CD79A	2.4059066772460938	0.24794423580169678	0.15424585342407227	0.15550696849822998	0.2216099500656128
GCNT4	0.006826532073318958	0.0	0.010278872214257717	0.01463299710303545	0.09010922908782959
CATSPER1	0.014146911911666393	0.02979818359017372	0.3825054168701172	0.23413987457752228	0.017986401915550232
VEGFA	0.01042212825268507	0.0	0.1964196264743805	0.0	0.010656772181391716
S100A12	0.1672249734401703	0.4827668070793152	2.2385287284851074	0.13185188174247742	0.20673243701457977
ARID5B	0.6680863499641418	0.196944922208786	0.05314768850803375	0.3101683557033539	0.39100050926208496
NCAM1	0.003593441564589739	0.009792841039597988	0.001292712171562016	0.25715896487236023	0.0050433725118637085
CHRM3.AS2	0.040303755551576614	0.009853054769337177	0.021933186799287796	0.03600045666098595	0.2828211188316345
RNF144B	0.06754672527313232	0.9363544583320618	0.44123736023902893	0.021913688629865646	0.04788113385438919
SLCO3A1	0.025040488690137863	0.4912654161453247	0.38111746311187744	0.22541996836662292	0.1941596418619156
IFNG	0.01599891483783722	0.0195563156157732	0.01552699413150549	0.5941178202629089	0.10891701281070709
FAM110A	0.12305143475532532	1.5469928979873657	0.34306660294532776	0.20579120516777039	0.19217559695243835
RALGPS2	1.2771121263504028	0.03955989331007004	0.030246691778302193	0.09399937838315964	0.06099114939570427
FCGR1B	0.003584768855944276	0.1288793832063675	0.21318282186985016	0.0	0.00604591891169548
STAB1	0.010834855027496815	0.06925549358129501	0.3515152037143707	0.007404628675431013	0.017435746267437935
ETS1	0.5727924704551697	0.11945117264986038	0.08071457594633102	0.9795563220977783	1.106598138809204
LGALS9	0.5879521369934082	1.879878044128418	0.9208059310913086	0.35054007172584534	0.23350420594215393
RHOH	1.0501517057418823	0.12904129922389984	0.10731274634599686	0.505591869354248	1.0485689640045166
CCDC88A	0.050245482474565506	0.7141307592391968	0.5723810195922852	0.021547706797719002	0.10626504570245743
FCGR2A	0.04619685187935829	0.8972300887107849	0.6186919808387756	0.043902140110731125	0.03781602159142494
DLEU7	0.010868877172470093	0.10879287123680115	0.10993028432130814	0.0	0.003080386435613036
ZAP70	0.14302104711532593	0.10912567377090454	0.10412381589412689	1.4368683099746704	0.7780585289001465
STEAP4	0.014575650915503502	0.0	0.1232183501124382	0.007450956851243973	0.010574692860245705
OSBPL5	0.0016493204748257995	0.13932403922080994	0.041710346937179565	0.49787431955337524	0.04316289722919464
MOB3B	0.1629742532968521	0.039779700338840485	0.02473018504679203	0.0	0.012184254825115204
SRC	0.023265274241566658	0.21781837940216064	0.11613565683364868	0.007116575725376606	0.006919409614056349
ACP2	0.02671166881918907	0.45611029863357544	0.07561013847589493	0.08043836802244186	0.06406445056200027
PLA2G7	0.014519919641315937	0.09836529940366745	0.41720664501190186	0.021172882989048958	0.01631706766784191
PLEKHG1	0.1849609613418579	0.0	0.0012521629687398672	0.0	0.00924695935100317
GYLTL1B	0.1853647381067276	0.00999857671558857	0.0051200492307543755	0.021883919835090637	0.02477302774786949
WDFY3	0.001761375111527741	0.22716543078422546	0.15868152678012848	0.0	0.009630221873521805
LIN7A	0.0035515751224011183	0.00990523025393486	0.13098587095737457	0.0	0.0018678456544876099
MYOF	0.005236634518951178	0.43544936180114746	0.09077601879835129	0.007260518614202738	0.012428462505340576
NCR3	0.3794228434562683	0.09059134125709534	0.05088767409324646	1.2604626417160034	0.3149975538253784
NOG	0.015688283368945122	0.010171033442020416	0.007837059907615185	0.014665147289633751	0.1355016976594925
ZNF467	0.02314586192369461	0.37005579471588135	0.5621961355209351	0.03585515171289444	0.0906267911195755
TPD52	0.9439307451248169	0.029268460348248482	0.023122141137719154	0.32427629828453064	0.2110731452703476
CDC25B	0.3607361912727356	0.12904241681098938	0.08894229680299759	0.4863612651824951	0.7440520524978638
RP11.291B21.2	0.02713933400809765	0.01026466116309166	0.022165583446621895	0.029482081532478333	0.33926114439964294
IFNGR2	0.6215739250183105	1.409908413887024	0.8640227913856506	0.05707623437047005	0.1932338923215866
ODF3B	0.12838956713676453	0.7861174941062927	0.8205167055130005	0.06500284373760223	0.08284778892993927
FCRL5	0.6691120266914368	0.0	0.011515123769640923	0.014392279088497162	0.011953153647482395
CDA	0.04470650479197502	1.3997421264648438	1.1423521041870117	0.03654340282082558	0.05247875303030014
LPAR6	0.04063114896416664	0.9383992552757263	0.4373701214790344	0.24257059395313263	0.3589487671852112
RETN	0.025241566821932793	0.22020956873893738	0.7506132125854492	0.0071480171754956245	0.08819396793842316
ICAM4	0.0036006474401801825	0.5627893805503845	0.04768747463822365	0.007253776304423809	0.017297429963946342
SUPT3H	0.06975135207176208	0.060082320123910904	0.03507143631577492	0.2168906331062317	0.3142971694469452
STRBP	0.6466068625450134	0.02969978377223015	0.018140578642487526	0.06512126326560974	0.11017945408821106
LAX1	0.08032342791557312	0.0	0.006514891982078552	0.23522821068763733	0.13322818279266357
CD244	0.028607692569494247	0.399091511964798	0.09916657954454422	0.6692160367965698	0.10658181458711624
CD40LG	0.03514367341995239	0.0	0.02588227018713951	0.007319795433431864	0.42689454555511475
CDKN1C	0.014186966232955456	1.4861962795257568	0.0262973140925169	0.014751126989722252	0.012384755536913872
CD24	0.8572400808334351	0.02917604148387909	0.011776133440434933	0.02896278165280819	0.01931188441812992
P2RY10	0.5171398520469666	0.12108413130044937	0.020426370203495026	0.06616412103176117	0.21448634564876556
CCR7	0.6229168772697449	0.1489509493112564	0.09013064205646515	0.10126260668039322	0.9492324590682983
GCA	0.3887360692024231	1.2740147113800049	1.3840501308441162	0.1004960909485817	0.21266894042491913
CD200	0.3628607392311096	0.0	0.005113083403557539	0.02875376120209694	0.021634815260767937
TLE1	0.3291495442390442	0.0	0.016946779564023018	0.33507248759269714	0.031847886741161346
RGL4	0.06561963260173798	0.25118815898895264	0.042978934943675995	0.40717434883117676	0.44009703397750854
MACROD2	0.16738258302211761	0.0	0.0	0.0	0.004693593364208937
OAS1	0.2351376861333847	1.0431835651397705	0.22030852735042572	0.14022941887378693	0.0948556661605835
COBLL1	0.41859036684036255	0.0	0.003913301508873701	0.007173484191298485	0.01189256738871336
PCDH9	0.3943823575973511	0.009920687414705753	0.005348252132534981	0.021417416632175446	0.016413483768701553
GPR171	0.025149399414658546	0.020258449018001556	0.011752653867006302	0.03660830110311508	0.28697454929351807
RP11.164H13.1	0.31137800216674805	0.020465558394789696	0.0051345438696444035	0.02206414006650448	0.01615951396524906
TMEM176A	0.02353338897228241	0.27170857787132263	0.25730517506599426	0.007288695778697729	0.0092903021723032
CD79B	2.3849287033081055	1.4047585725784302	0.21909840404987335	0.5303266644477844	0.3803319036960602
APOBEC3A	0.009005110710859299	0.9737566113471985	0.3844420909881592	0.04234332591295242	0.019723808392882347
MGST2	0.04350941255688667	0.5348631143569946	0.714575469493866	0.27762749791145325	0.16233821213245392
GNAQ	0.035238608717918396	0.5513103604316711	0.7859489321708679	0.042626794427633286	0.1703331619501114
PDLIM1	1.059484839439392	0.029803501442074776	0.03263144940137863	0.2248983383178711	0.08828730136156082
PRF1	0.09501170367002487	0.1768103539943695	0.08154314011335373	2.295091390609741	0.4378647804260254
PID1	0.016239535063505173	0.35914939641952515	0.5480916500091553	0.02965787798166275	0.04396219551563263
MARCO	0.01795014925301075	0.3045094311237335	0.2606973350048065	0.0	0.0132004888728261
CD6	0.17915746569633484	0.06869260966777802	0.07908017933368683	0.29907694458961487	0.8532339334487915
LINC00937	0.023595275357365608	0.0399383045732975	0.25535571575164795	0.021610666066408157	0.024298014119267464
ORAI2	1.144415020942688	0.12873220443725586	0.13638313114643097	0.3717842400074005	0.19441010057926178
CXCR5	0.3008590638637543	0.0	0.011889847926795483	0.007399087771773338	0.026092175394296646
NCF2	0.08761455118656158	1.6194576025009155	1.202951431274414	0.04309653490781784	0.12045293301343918
TLR7	0.07425662130117416	0.1390046328306198	0.12347180396318436	0.0	0.007273682858794928
CD22	1.5349591970443726	0.08892819285392761	0.04428648203611374	0.028447791934013367	0.053407955914735794
ITK	0.0578608363866806	0.029930366203188896	0.024449899792671204	0.2624012529850006	0.5126488208770752
SH2D3A	0.16674916446208954	0.01956457830965519	0.01696793921291828	0.15282653272151947	0.22189241647720337
FNIP2	0.006798905320465565	0.4270229935646057	0.15490615367889404	0.08711376041173935	0.08563774079084396
SH3RF1	0.01096147857606411	0.27968525886535645	0.04788322001695633	0.0	0.014689594507217407
INPP4B	0.0389598123729229	0.039683032780885696	0.027128145098686218	0.07854511588811874	0.3504301905632019
EREG	0.017808126285672188	0.05945628508925438	0.25591161847114563	0.014549214392900467	0.019283616915345192
FXYD6	0.005299306940287352	0.029019737616181374	0.1082756444811821	0.0	0.005388976074755192
CYP27A1	0.0034875343553721905	0.0	0.10747137665748596	0.007369937840849161	0.004575902596116066
CHN2	0.010621072724461555	0.5303525924682617	0.3358270227909088	0.20445191860198975	0.07850098609924316
RP11.18H21.1	0.02474897913634777	0.010976145975291729	0.015635713934898376	0.058349572122097015	0.29822981357574463
KMO	0.2415439933538437	0.17788204550743103	0.07546091824769974	0.00680940318852663	0.012894132174551487
IGLC5	0.20218846201896667	0.0	0.0	0.0	0.0013429174432531
IGHD	2.06390118598938	0.11852525919675827	0.07823446393013	0.04531010240316391	0.09813903272151947
SLC7A7	0.14555872976779938	1.6486897468566895	0.9958803653717041	0.06490042060613632	0.07339973747730255
SWAP70	1.084930658340454	0.50752854347229	0.16220852732658386	0.11660661548376083	0.06698324531316757
TBXAS1	0.0390743613243103	1.2234489917755127	0.5323918461799622	0.27258628606796265	0.08125681430101395
ZG16B	0.003430627752095461	0.20907266438007355	0.13146978616714478	0.014698856510221958	0.006739878561347723
ADGRE1	0.012252800166606903	0.7133986353874207	0.14222705364227295	0.01414105761796236	0.05409097671508789
P2RY13	0.010769952088594437	0.7045141458511353	0.48507481813430786	0.014364778995513916	0.04638628661632538
KLF10	0.11746559292078018	0.4228838086128235	0.9832672476768494	0.1305212825536728	0.13531726598739624
KCTD12	0.03176753222942352	0.6744940280914307	1.2052006721496582	0.028508054092526436	0.10381316393613815
SIDT1.AS1	0.25427696108818054	0.0	0.005226089619100094	0.3454211950302124	0.2600548565387726
NKG7	0.3481082022190094	0.8991969227790833	0.5211479067802429	2.603633403778076	0.8938437104225159
SIRPB1	0.01766183227300644	0.7043917775154114	0.4985238015651703	0.03624933585524559	0.03682572394609451
F13A1	0.01602015271782875	0.07013647258281708	0.27882644534111023	0.007697617635130882	0.02315928228199482
KIR2DL3	0.0071675414219498634	0.0	0.0012733910698443651	0.41641706228256226	0.01079334132373333
BLNK	0.7371719479560852	0.009904995560646057	0.020773805677890778	0.014279177412390709	0.029059456661343575
RASGRP3	0.5147903561592102	0.01984560303390026	0.01426784135401249	0.02932547964155674	0.03851355239748955
PCED1B	0.13287867605686188	0.039368223398923874	0.03378037363290787	0.1669907122850418	0.3137875497341156
CD19	0.9351831078529358	0.029599202796816826	0.021850138902664185	0.028953909873962402	0.02937486581504345
XCL2	0.012631416320800781	0.028716955333948135	0.018414193764328957	1.4667372703552246	0.13173823058605194
RASSF4	0.02890680730342865	0.5922467112541199	0.5257458686828613	0.36035609245300293	0.06462664157152176
GRN	0.6282573342323303	1.793297290802002	2.035271167755127	0.2850615680217743	0.3775021731853485
TRDC	0.07243937999010086	0.11984781920909882	0.07799223810434341	2.022783041000366	0.274829626083374
RP11.452H21.4	0.01241416297852993	0.0691954642534256	0.11417444050312042	0.0	0.005001748446375132
AP003774.6	0.003502597101032734	0.019656114280223846	0.11842620372772217	0.007304728962481022	0.008646218106150627
RP11.1399P15.1	0.010400338098406792	0.0	0.00797531008720398	0.01475607417523861	0.09756742417812347
LILRB1	0.22087141871452332	1.1658576726913452	0.3516344428062439	0.05817430093884468	0.057217180728912354
TNFRSF1B	0.2520993947982788	1.9709858894348145	1.0348809957504272	0.38157641887664795	0.3587474524974823
F2R	0.007302798796445131	0.049291934818029404	0.009239614941179752	0.3490070104598999	0.054036591202020645
GZMH	0.030949926003813744	0.11911093443632126	0.05385677516460419	1.2296661138534546	0.20961475372314453
RIN2	0.0033858176320791245	0.3690653145313263	0.2215069681406021	0.007141791749745607	0.011169688776135445
GPM6B	0.12261436879634857	0.029719622805714607	0.006484346464276314	0.10344585031270981	0.10624518245458603
LPCAT2	0.014234048314392567	0.8145402669906616	0.3183755576610565	0.00694252410903573	0.03760503605008125
FCGR1A	0.0052550784312188625	0.1474371999502182	0.4146612286567688	0.0	0.012399997562170029
FPR1	0.02139209769666195	0.47885969281196594	0.7171289920806885	0.028819862753152847	0.02898710034787655
PAX5	0.4557549059391022	0.029239574447274208	0.018370939418673515	0.013955618254840374	0.017360122874379158
CXCL8	0.13255128264427185	0.6426783204078674	1.4735370874404907	0.1539447158575058	0.15381336212158203
AKR1C3	0.007141449488699436	0.01940145157277584	0.009096668101847172	1.005542516708374	0.06007161736488342
NMT2	0.0840509757399559	0.040379028767347336	0.02292984165251255	0.2992323935031891	0.42164260149002075
INADL	0.10639623552560806	0.009716685861349106	0.015367415733635426	0.04351657256484032	0.1497773826122284
DHRS3	0.026243673637509346	0.029680747538805008	0.014302951283752918	0.38886913657188416	0.18159443140029907
TPTEP1	0.078872449696064	0.35099607706069946	0.034025609493255615	0.022111855447292328	0.031109590083360672
TNNT1	0.0036425385624170303	0.13114510476589203	0.18771255016326904	0.0	0.012579615227878094
SERPINB10	0.0	0.0	0.09350915998220444	0.0	0.00042040529660880566
RGS18	0.05597624555230141	1.259995460510254	0.8904626369476318	0.0073442598804831505	0.07188183814287186
LRP1	0.01585359126329422	0.4491852819919586	0.4974557161331177	0.014398650266230106	0.04073018208146095
MS4A4A	0.01383135374635458	0.9481089115142822	0.07905106991529465	0.013851183466613293	0.01845499500632286
OSBPL10	0.30760011076927185	0.009820113889873028	0.00908622145652771	0.0	0.0544927716255188
CTC.523E23.11	0.16122515499591827	0.0	0.005114941857755184	0.2116529494524002	0.32499706745147705
CD2	0.1639193445444107	0.16276827454566956	0.1224597841501236	0.8810312151908875	1.4212274551391602
WLS	0.003576705465093255	0.0	0.11431213468313217	0.0	0.0026862474624067545
ALDH1A1	0.019527237862348557	0.0795399621129036	0.4627540409564972	0.014642057940363884	0.012858428061008453
NFATC2	0.12618891894817352	0.06878136098384857	0.016879577189683914	0.3444878160953522	0.16762706637382507
TMEM14A	0.123713918030262	0.048499349504709244	0.022091379389166832	0.10941116511821747	0.20389096438884735
RRAS	0.026731912046670914	0.6959905028343201	0.12194404006004333	0.050892990082502365	0.05747104808688164
HHEX	0.7679408192634583	1.0415810346603394	0.4662676453590393	0.07984521985054016	0.0755547508597374
NAAA	0.31335124373435974	1.8919934034347534	0.8177217841148376	0.25693535804748535	0.41244950890541077
ZEB2.AS1	0.021952040493488312	0.18792134523391724	0.16299664974212646	0.0	0.012800244614481926
RP11.428G5.5	0.28470125794410706	0.019380250945687294	0.011610053479671478	0.043978720903396606	0.003669649362564087
EIF4E3	0.019406141713261604	0.1891268938779831	0.2831641137599945	0.10821835696697235	0.15252931416034698
KYNU	0.21561720967292786	0.8864170908927917	0.3706244230270386	0.00663071870803833	0.05402350425720215
HRH2	0.012096695601940155	0.5375941395759583	0.24178235232830048	0.007288695778697729	0.08273693919181824
BTLA	0.3956284523010254	0.01065993495285511	0.009040145203471184	0.01479495782405138	0.06768523901700974
TCEA3	0.028477299958467484	0.029706010594964027	0.005166732240468264	0.02124163508415222	0.15645208954811096
BANK1	1.6267908811569214	0.03891267254948616	0.0529743991792202	0.05055940896272659	0.0673893541097641
FAM111B	0.11447926610708237	0.010251171886920929	0.0013541089138016105	0.007079123053699732	0.005794788710772991
KLRD1	0.08849383890628815	0.09027161449193954	0.05616166442632675	2.354576587677002	0.37585631012916565
TMEM63A	0.3480076193809509	0.18553759157657623	0.06866645812988281	0.2187858670949936	0.5542435646057129
ISG20	1.398231029510498	0.5017477869987488	0.22673797607421875	0.7528039216995239	1.1629661321640015
EOMES	0.012421754188835621	0.02869115024805069	0.011675871908664703	0.462907075881958	0.12702026963233948
FGD4	0.022044308483600616	0.43986234068870544	0.30202144384384155	0.013810437172651291	0.024293802678585052
STK17A	1.1136448383331299	0.277485728263855	0.18193590641021729	1.5499564409255981	1.2207533121109009
ABCB4	0.2534125745296478	0.0	0.006477902643382549	0.0	0.010586105287075043
P2RX5	0.8552793264389038	0.04039878770709038	0.024677550420165062	0.02866354025900364	0.08259029686450958
SHTN1	0.007102285511791706	0.20753321051597595	0.35040217638015747	0.0	0.041751597076654434
IFITM1	0.2067854106426239	0.45424097776412964	0.09992063045501709	2.003464460372925	1.458036184310913
MCOLN1	0.05007515847682953	0.7179417014122009	0.22730980813503265	0.10952284187078476	0.0870320126414299
LRRN3	0.04052218049764633	0.019440120086073875	0.029911920428276062	0.0072947898879647255	0.2804301083087921
ACAP1	1.224569320678711	0.36126136779785156	0.29729896783828735	1.6405609846115112	1.5954809188842773
CD7	0.21595582365989685	0.30608606338500977	0.25474289059638977	2.3454015254974365	1.5947949886322021
ADAP2	0.08612679690122604	0.8309555649757385	0.2660481333732605	0.01411441434174776	0.03361885994672775
C1QA	0.017821166664361954	0.6638375520706177	0.027125844731926918	0.007314216811209917	0.0096328379586339
TIMP1	0.13364411890506744	2.0329999923706055	1.2999074459075928	0.6079174280166626	0.5922790169715881
OXNAD1	0.10648780316114426	0.059491273015737534	0.0635867565870285	0.21145634353160858	0.5964216589927673
SORT1	0.010522428900003433	0.4094201922416687	0.21727503836154938	0.0	0.01697363518178463
FCRLA	1.0579451322555542	0.03963618725538254	0.02454449236392975	0.0217507965862751	0.027781793847680092
RAB31	0.11775411665439606	0.8911391496658325	0.9172757267951965	0.050822917371988297	0.08050651848316193
FAM101B	0.024274369701743126	0.22114528715610504	0.20079559087753296	0.08796006441116333	0.19267040491104126
GZMB	0.07585260272026062	0.10062222182750702	0.09700588881969452	1.9675638675689697	0.16019970178604126
NAMPT	0.18045727908611298	1.6962969303131104	1.6328872442245483	0.22618083655834198	0.2687718868255615
IGSF6	0.04448436573147774	1.5744624137878418	1.0879998207092285	0.04437413066625595	0.11429107189178467
NSG1	0.012264055199921131	0.009761250577867031	0.015552112832665443	0.021814150735735893	0.15206746757030487
PLXDC2	0.024637017399072647	0.44039788842201233	0.5420107245445251	0.05123641714453697	0.03283914923667908
C19orf38	0.1216224953532219	1.4889153242111206	0.860107421875	0.04393908381462097	0.07646603882312775
PNMA1	0.08112896233797073	0.0788973718881607	0.01937490701675415	0.1610615849494934	0.18771052360534668
PCSK1N	0.012312699109315872	0.0	0.009208622388541698	0.0	0.09614228457212448
CYBB	0.4808359146118164	1.7302460670471191	1.7455384731292725	0.0503571480512619	0.1038527637720108
CCDC65	0.007111025508493185	0.0	0.007671731989830732	0.17574186623096466	0.12373045086860657
IL18RAP	0.008999601006507874	0.019941022619605064	0.0052740005776286125	0.5919315814971924	0.03787902742624283
LINC01550	0.058440905064344406	0.08832802623510361	0.025755934417247772	0.03520555794239044	0.4053713083267212
GPBAR1	0.030468519777059555	1.5213565826416016	0.5473910570144653	0.021802008152008057	0.0417947992682457
PRKCH	0.08950865268707275	0.06892233341932297	0.08678645640611649	1.164690613746643	0.7398607730865479
EAF2	1.232183575630188	0.5288086533546448	0.1797569841146469	0.05058518797159195	0.09108742326498032
COL19A1	0.18496283888816833	0.0	0.0012958006700500846	0.0	0.004165703896433115
IGHM	2.2373504638671875	0.2592962384223938	0.22192034125328064	0.1608506441116333	0.2584550380706787
ICOS	0.021293874830007553	0.04908019304275513	0.014226755127310753	0.02796041965484619	0.19582442939281464
SNX22	0.5241569876670837	0.019920434802770615	0.028534550219774246	0.02913341484963894	0.039793651551008224
CMTM2	0.003655350999906659	0.009978930465877056	0.1600223183631897	0.0	0.005634022410959005
UBASH3A	0.024920370429754257	0.0294966883957386	0.00775060523301363	0.021158739924430847	0.253376305103302
SPOCK2	0.34197601675987244	0.13852056860923767	0.09662765264511108	0.5753530263900757	1.0356343984603882
DOK3	0.11271178722381592	0.46751952171325684	0.40145376324653625	0.014746342785656452	0.02101759985089302
HCAR3	0.01948387920856476	0.7970126271247864	0.22528651356697083	0.014838246628642082	0.01851540245115757
LINC01503	0.0052194539457559586	0.32975804805755615	0.19235968589782715	0.00706682400777936	0.00984073057770729
TGFBI	0.04818329960107803	1.0257792472839355	1.0745704174041748	0.020922809839248657	0.11641239374876022
C1orf220	0.11189059913158417	0.0	0.0026677970308810472	0.0	0.0060844626277685165
FASLG	0.003642614930868149	0.009701794944703579	0.002685698913410306	0.3581725060939789	0.0240816418081522
CD96	0.1135304868221283	0.058837197721004486	0.06683439016342163	0.5444045662879944	0.6428102254867554
MARC1	0.0051907761953771114	0.0	0.16247494518756866	0.0	0.0022721567656844854
RP11.356N1.2	0.018005680292844772	0.08859999477863312	0.15541917085647583	0.0	0.011632508598268032
SIRPG	0.02069607935845852	0.039292316883802414	0.00658779451623559	0.02155064046382904	0.2675524652004242
TAGLN	0.06868948042392731	0.40697214007377625	0.06392686814069748	0.021617555990815163	0.024353936314582825
CEACAM3	0.0036998384166508913	0.30935630202293396	0.019269518554210663	0.00663071870803833	0.0026102964766323566
FBLN5	0.015630852431058884	0.0	0.003895136760547757	0.028407100588083267	0.09531063586473465
CLIC4	0.3098900318145752	0.07940462231636047	0.11634556204080582	0.0	0.010762491263449192
TLR4	0.012340421788394451	0.3495870530605316	0.3319867253303528	0.021360263228416443	0.014652550220489502
ITPRIPL2	0.0052044284529984	0.05893164128065109	0.1568162739276886	0.007492488715797663	0.011603908613324165
FXYD1	0.19050464034080505	0.07005754858255386	0.013054142706096172	0.036494720727205276	0.08911406248807907
GNLY	0.30794277787208557	0.45920032262802124	0.38806337118148804	2.54567813873291	0.4988369643688202
GCH1	0.10603953152894974	1.0003083944320679	0.26082271337509155	0.28544530272483826	0.1526644229888916
CPNE5	0.2830404043197632	0.049321047961711884	0.03630466386675835	0.00728884432464838	0.013301785103976727
TIGIT	0.021716980263590813	0.02074998989701271	0.02743828110396862	0.5546708106994629	0.24495473504066467
PADI2	0.0035929593723267317	0.009737676940858364	0.11691072583198547	0.0	0.014841112308204174
CTB.61M7.2	0.008726592175662518	0.11016274988651276	0.45553386211395264	0.021967189386487007	0.011447163298726082
CLEC4E	0.01074178609997034	0.040030587464571	0.729951024055481	0.0	0.017283421009778976
CD163	0.008748254738748074	0.010657231323421001	0.39489269256591797	0.0	0.022083692252635956
AC006129.2	0.2455614060163498	0.0393696129322052	0.02616146393120289	0.22546492516994476	0.25494498014450073
RORA	0.09640707075595856	0.050037506967782974	0.055763959884643555	0.8693338632583618	0.6736951470375061
PRSS23	0.003582938341423869	0.009658818133175373	0.00644964212551713	0.7735059857368469	0.0374138243496418
RBM47	0.024804571643471718	0.4684161841869354	0.5045494437217712	0.0069356351159513	0.04234958440065384
HLA.DOB	1.1097424030303955	0.06959407776594162	0.0367605946958065	0.021619146689772606	0.04542510211467743
OSCAR	0.014019083231687546	0.6727445125579834	0.5525012016296387	0.014444096945226192	0.04996732249855995
GIMAP6	0.04240439832210541	0.21783511340618134	0.1941886991262436	0.6912808418273926	0.4191133379936218
TCF7L2	0.01220841333270073	1.4435133934020996	0.18745137751102448	0.0591193251311779	0.04230723902583122
SPI1	0.6915197372436523	2.2958247661590576	1.847464919090271	0.0744212418794632	0.1850096732378006
COL6A2	0.026598569005727768	0.009851265698671341	0.01028322521597147	0.11117091774940491	0.14315953850746155
PYGL	0.016024991869926453	0.41919073462486267	0.4249292016029358	0.0	0.02843514271080494
PRAM1	0.04151682183146477	1.002974510192871	0.7295712828636169	0.0358683243393898	0.06986071914434433
NRG1	0.00892768893390894	0.02004685439169407	0.3717571496963501	0.007220994681119919	0.013715855777263641
FKBP11	0.174525186419487	0.08827649056911469	0.06118219718337059	0.9997765421867371	0.6140573620796204
CHST15	0.054322294890880585	0.5115073323249817	0.24316388368606567	0.0073442598804831505	0.006216192152351141
CST7	0.11137612909078598	0.13340657949447632	0.13079075515270233	2.2672548294067383	0.6123754978179932
SERPINA1	0.14544443786144257	2.325765371322632	1.928231954574585	0.11011607944965363	0.19536587595939636
CSF2RA	0.021392714232206345	0.5184773802757263	0.47525542974472046	0.013916464522480965	0.06914173811674118
RP6.159A1.4	0.1253187656402588	0.290077805519104	0.406532883644104	0.02856919728219509	0.02689080312848091
ANPEP	0.01066082064062357	0.3645020127296448	0.43212977051734924	0.0	0.03639904782176018
LINC01215	0.35584431886672974	0.10973063856363297	0.015602300874888897	0.0799807533621788	0.13772590458393097
CHST2	0.11853503435850143	0.90938800573349	0.07979901880025864	0.8590766787528992	0.0920310989022255
VPREB3	1.3116029500961304	0.009707706049084663	0.026258066296577454	0.013955618254840374	0.028549309819936752
CNTNAP2	0.1698022484779358	0.0	0.002662152284756303	0.0	0.003206640249118209
CBR3	0.075062096118927	0.05950131639838219	0.01038038544356823	0.014732150360941887	0.13476762175559998
ADTRP	0.013934304937720299	0.010121244005858898	0.010460563004016876	0.006939501501619816	0.1644541621208191
IPCEF1	0.024357009679079056	0.18779203295707703	0.18282388150691986	0.22540007531642914	0.27851903438568115
RBP7	0.03760126233100891	0.6934634447097778	1.32285475730896	0.01466893870383501	0.04528723284602165
KIR3DL1	0.0017947782762348652	0.0	0.0	0.28295984864234924	0.010891197249293327
FCRL2	0.6337444186210632	0.019940167665481567	0.013011990115046501	0.01422691997140646	0.012902691960334778
CREB5	0.005177920218557119	0.07006408274173737	0.3725965917110443	0.007467329502105713	0.026110703125596046
BEX2	0.2350284606218338	0.0397711917757988	0.02996014803647995	0.3071604371070862	0.3668654263019562
OSBPL10.AS1	0.1678697168827057	0.0	0.0013594141928479075	0.0	0.0013689856277778745
HPSE	0.01815618760883808	0.0293832216411829	0.25059622526168823	0.00680940318852663	0.028033839538693428
GIMAP4	0.15746912360191345	1.4248569011688232	0.9974780678749084	1.3153045177459717	1.2692368030548096
RP11.1008C21.1	0.0017065739957615733	0.5382360816001892	0.001293559675104916	0.0	0.002147421706467867
IFITM3	0.0962907150387764	2.23785662651062	1.0048868656158447	0.7764943838119507	0.31052473187446594
P2RX1	0.05009717121720314	0.23012804985046387	0.06759612262248993	0.0	0.008046945556998253
CDK14	0.1201377809047699	0.03005010075867176	0.010662131942808628	0.007350453641265631	0.00571418646723032
CFD	0.12129276990890503	2.2257699966430664	1.8800549507141113	0.14589543640613556	0.18255630135536194
ERBB2	0.02395065873861313	0.0	0.006412724032998085	0.2501903176307678	0.011240911670029163
LCK	0.41473981738090515	0.19866499304771423	0.20397913455963135	1.619522213935852	1.728785753250122
LINC00877	0.023239804431796074	0.9012174010276794	0.409201979637146	0.014659455046057701	0.02808762528002262
SYK	0.5642871260643005	0.8932054042816162	0.6432656645774841	0.16803467273712158	0.09146900475025177
LY9	0.48812830448150635	0.04872759431600571	0.02854529395699501	0.4259619414806366	0.525058925151825
FAM177B	0.12982991337776184	0.0	0.0	0.006913627497851849	0.0023986846208572388
STAT4	0.0439458042383194	0.049285080283880234	0.018023451790213585	0.5105576515197754	0.32601168751716614
MIR4435.2HG	0.03356173634529114	0.3597189486026764	0.5635120272636414	0.2493847757577896	0.17543138563632965
ACTN1	0.09771142154932022	0.2488296777009964	0.504369854927063	0.07235739380121231	0.5590522885322571
C5AR2	0.012150411494076252	0.32038646936416626	0.0808795690536499	0.014705554582178593	0.009511522017419338
CXCR3	0.05317353829741478	0.020031217485666275	0.017998628318309784	0.24642401933670044	0.2655256390571594
IRAK3	0.043497662991285324	0.5487545728683472	0.5628600716590881	0.014561774209141731	0.029237419366836548
QPCT	0.01628779247403145	0.12828709185123444	0.7492878437042236	0.014587831683456898	0.04036836326122284
CD300E	0.03595879673957825	1.0914571285247803	0.7448890805244446	0.020887240767478943	0.0460885614156723
PHACTR1	0.6037750244140625	0.45124348998069763	0.5416485667228699	0.04388907924294472	0.09657764434814453
CD300C	0.010792456567287445	0.8277588486671448	0.2863621711730957	0.07960081100463867	0.048881787806749344
SMCO4	0.04479904845356941	1.315045714378357	0.8860371708869934	0.10150609165430069	0.11626142263412476
ZBTB16	0.034426309168338776	0.009608728811144829	0.019487306475639343	0.5242837071418762	0.08246778696775436
TRAT1	0.08528066426515579	0.058892447501420975	0.049632564187049866	0.07315866649150848	0.8366350531578064
CNR2	0.31996384263038635	0.019367491826415062	0.015555880032479763	0.050948094576597214	0.04477060213685036
RP11.664D1.1	0.015596210025250912	0.009413118474185467	0.010473363101482391	0.014039651490747929	0.19247648119926453
BCL11B	0.08296428620815277	0.07811988890171051	0.05730610340833664	0.20397551357746124	0.7033144235610962
LINC00926	1.6080145835876465	0.04862275347113609	0.050532903522253036	0.0434434600174427	0.041313979774713516
TESPA1	0.11112616956233978	0.040376048535108566	0.03764290362596512	0.23875375092029572	0.47452542185783386
LYL1	0.6766932606697083	1.401239037513733	0.6176236867904663	0.044155385345220566	0.15013661980628967
CD14	0.0994633212685585	0.4703006446361542	1.9275354146957397	0.08130300790071487	0.11994165927171707
ALOX5	0.6525730490684509	1.0078853368759155	0.45474499464035034	0.02765323594212532	0.08592192083597183
MGST1	0.028534866869449615	0.24945127964019775	1.1909716129302979	0.04206322506070137	0.06273907423019409
FAM159A	0.2925206422805786	0.02890142798423767	0.015675440430641174	0.16104157269001007	0.2813866436481476
GCSAM	0.15995369851589203	0.009707706049084663	0.014397536404430866	0.028940727934241295	0.12004080414772034
S1PR3	0.012701014056801796	0.0	0.13374800980091095	0.007345233112573624	0.00972315575927496
CSTA	0.1122925654053688	1.951733112335205	2.278296947479248	0.08767302334308624	0.17828746140003204
FCMR	1.3335236310958862	0.168791264295578	0.08997237682342529	0.5145335793495178	0.7851512432098389
XXbac.B135H6.15	0.0054857442155480385	0.13950100541114807	0.13193945586681366	0.022215815261006355	0.008710284717381
HES4	0.023151986300945282	1.5393686294555664	0.09563475847244263	0.03541910648345947	0.028776902705430984
MS4A1	2.2628297805786133	0.11827777326107025	0.1334248036146164	0.14756374061107635	0.15233032405376434
TYROBP	0.5433483719825745	2.5282630920410156	2.5524792671203613	2.4264392852783203	0.7034959197044373
RP11.902B17.1	0.013886314816772938	0.010121244005858898	0.005274600349366665	0.04374253749847412	0.10378409177064896
FRMD4B	0.01584017090499401	0.14878691732883453	0.25271859765052795	0.02253398858010769	0.07051514834165573
CYB561D2.1	0.07830488681793213	0.009744803421199322	0.010466424748301506	0.057897478342056274	0.12660308182239532
VCAN	0.11677391082048416	0.4541563093662262	2.049247980117798	0.1163860633969307	0.15683947503566742
APMAP	0.1508745551109314	0.2591211199760437	0.1663653403520584	1.6085227727890015	0.41399693489074707
IGKV1.12	0.11307480186223984	0.0	0.0012891226215288043	0.006913627497851849	0.0014298801543191075
PLBD1	0.03190110623836517	0.5445223450660706	1.0533134937286377	0.028509359806776047	0.09610028564929962
RXRA	0.03902868553996086	1.08976411819458	0.6504178643226624	0.05794622376561165	0.06501860916614532
CAMK4	0.08851276338100433	0.06878511607646942	0.03907376900315285	0.0499335415661335	0.6093154549598694
HOMER3	0.010579907335340977	0.029303966090083122	0.12503255903720856	0.007030258886516094	0.006412615068256855
SUSD3	0.32564184069633484	0.13758979737758636	0.07629023492336273	0.04262712597846985	0.5955232381820679
ZNF860	0.1624084860086441	0.0	0.0012872597435489297	0.0	0.0013611576287075877
FCRL1	0.8108890652656555	0.028755227103829384	0.0300483088940382	0.014398017898201942	0.026102550327777863
ID2	0.23041829466819763	1.4940822124481201	1.2483798265457153	2.005556106567383	1.0929183959960938
CXCL16	0.0598178468644619	1.0073837041854858	0.261954665184021	0.021374482661485672	0.03840477019548416
BLVRB	0.15058943629264832	1.1012122631072998	1.5898265838623047	0.1619625836610794	0.22886094450950623
FLT3LG	0.1537875086069107	0.31684210896492004	0.07501000910997391	0.2899817228317261	0.9256845712661743
MIAT	0.034014228731393814	0.0197294969111681	0.016902370378375053	0.12513065338134766	0.19093313813209534
HLA.DOA	0.5734066367149353	0.08995961397886276	0.053902000188827515	0.02111867070198059	0.07722119987010956
TRAF5	0.5155618786811829	0.019483394920825958	0.031241320073604584	0.3209199011325836	0.23265796899795532
TC2N	0.07398317009210587	0.06864508241415024	0.058697670698165894	0.27191776037216187	0.6556846499443054
KLRC1	0.018149472773075104	0.019781647250056267	0.016883298754692078	0.755416214466095	0.12212856858968735
CCL28	0.13509614765644073	0.009875820949673653	0.012896803207695484	0.1092425286769867	0.1097513809800148
LGALS2	0.1859283745288849	0.946165144443512	2.098492383956909	0.11788956820964813	0.23993328213691711
PLEKHB1	0.056666478514671326	0.0	0.020724136382341385	0.050887323915958405	0.2317701280117035
ETS2	0.020865503698587418	0.4065086841583252	0.2884995937347412	0.03584137558937073	0.09460998326539993
APOBR	0.019055452197790146	0.4579147398471832	0.4152578115463257	0.46196115016937256	0.12600865960121155
ARRDC4	0.020090650767087936	0.08103540539741516	0.2865370512008667	0.028956130146980286	0.019010180607438087
RP11.231C14.7	1.0149632692337036	0.04023473337292671	0.045135464519262314	0.09430108219385147	0.05350290611386299
BCAS4	0.668286919593811	0.03937257081270218	0.04559178650379181	0.2041451334953308	0.27605587244033813
CTSW	0.18746119737625122	0.2178557962179184	0.18051858246326447	2.404379367828369	1.1101685762405396
PDGFD	0.003597402712330222	0.0	0.005171275697648525	0.25795039534568787	0.03373515233397484
HES1	0.11774079501628876	0.6901017427444458	0.09617158025503159	0.014282659627497196	0.016313210129737854
EPS8	0.00684840464964509	0.3194378614425659	0.03732794150710106	0.0	0.012703067623078823
SLAMF7	0.023269083350896835	0.19824430346488953	0.024890422821044922	0.523501455783844	0.10227887332439423
FPR2	0.0016921270871534944	0.1585223525762558	0.13651594519615173	0.0	0.005910034291446209
CLEC7A	0.0804128497838974	1.8837754726409912	1.635878086090088	0.07216290384531021	0.1144782230257988
LYPD2	0.007143260445445776	0.521166205406189	0.009107844904065132	0.01461115013808012	0.006023766938596964
TJP2	0.014269888401031494	0.3364495038986206	0.10411901772022247	0.02192983590066433	0.02431037835776806
TMEM204	0.04737938195466995	0.01978187821805477	0.016826646402478218	0.08776058256626129	0.2793486416339874
ANXA1	0.2757267355918884	1.7030091285705566	2.013068675994873	1.756678581237793	1.1796988248825073
SAMHD1	0.1983657330274582	1.667988657951355	1.3434265851974487	0.9145623445510864	0.8328346014022827
MATK	0.06848369538784027	0.029623961076140404	0.03633265942335129	1.779815435409546	0.3436242341995239
FGL2	0.11551416665315628	1.883960247039795	1.8510730266571045	0.32133948802948	0.18356233835220337
DMXL2	0.0197261031717062	0.5601983070373535	0.6433137655258179	0.0297467652708292	0.03659548610448837
TLR8	0.005535447970032692	0.3386229872703552	0.36294466257095337	0.007331426255404949	0.017350798472762108
NT5E	0.23767505586147308	0.029559215530753136	0.01179574429988861	0.014370840974152088	0.07619305700063705
NUP214	0.1428491622209549	1.106066107749939	1.3781625032424927	0.12419271469116211	0.19017294049263
HCST	0.4517365097999573	1.8396410942077637	2.0254507064819336	2.357717514038086	1.909822940826416
RGS12	0.01801089383661747	0.2963569462299347	0.05163995176553726	0.04386857524514198	0.03220181539654732
SLC11A1	0.048542071133852005	1.2977045774459839	0.8334583640098572	0.04367944598197937	0.06422510743141174
CD3E	0.2972789406776428	0.347059041261673	0.2524048686027527	1.0028818845748901	2.0695948600769043
CD8A	0.10546664148569107	0.03915818780660629	0.06297383457422256	0.4006936550140381	0.6918289065361023
MARCKS	0.33113205432891846	1.5959999561309814	1.0697500705718994	0.00751301646232605	0.06266258656978607
GIMAP7	0.14864912629127502	1.0678383111953735	0.6180793642997742	1.5953117609024048	1.4862202405929565
CCR6	0.4122937023639679	0.010657231323421001	0.007730802986770868	0.02824515663087368	0.08715369552373886
LAT	0.18227247893810272	0.1898285448551178	0.1732715368270874	1.1800768375396729	1.357865571975708
NID1	0.0035307311918586493	0.12938588857650757	0.15055663883686066	0.0	0.004852594807744026
JDP2	0.06782343238592148	0.22983509302139282	0.14918319880962372	0.007313292473554611	0.012501121498644352
LY86	1.253223180770874	1.106723666191101	1.3693337440490723	0.07158096879720688	0.1749597042798996
LILRA5	0.016418520361185074	1.3367706537246704	0.6695505380630493	0.014233918860554695	0.02892349660396576
SH2D1A	0.055217377841472626	0.09081385284662247	0.04427495226264	0.8440155386924744	0.5631185173988342
OPTN	0.1067771390080452	0.058991286903619766	0.05090634152293205	0.7362096309661865	0.5544739961624146
TCF4	0.7335495352745056	0.18875981867313385	0.13178716599941254	0.08643455803394318	0.041947975754737854
IGHG1	0.4414120018482208	0.0	0.010657318867743015	0.0219089575111866	0.01587640307843685
ARHGEF40	0.008832303807139397	0.5367569923400879	0.4258508086204529	0.007471144199371338	0.026876403018832207
MS4A7	0.18509480357170105	2.174262523651123	0.9777209162712097	0.059069424867630005	0.07657918334007263
DUSP6	0.13024459779262543	1.6960951089859009	1.4307323694229126	0.35380107164382935	0.10625915229320526
LBH	1.2142668962478638	0.19657419621944427	0.10159903019666672	1.0960938930511475	1.287924885749817
CCDC191	0.22630977630615234	0.019603699445724487	0.008970395661890507	0.014757754281163216	0.0329839326441288
TBC1D9	0.22217465937137604	0.28989076614379883	0.2800356447696686	0.0	0.03211796656250954
TFEC	0.03735755756497383	0.18848274648189545	0.41860195994377136	0.007452710065990686	0.027842776849865913
LGALS3	0.0847773402929306	1.7640070915222168	1.3975468873977661	0.10958458483219147	0.22867895662784576
HNMT	0.033761169761419296	0.6116936206817627	0.8752327561378479	0.05089879781007767	0.04931443929672241
SMARCD3	0.01794079877436161	0.08920427411794662	0.36243200302124023	0.0	0.06233813241124153
RNASE2	0.005342829506844282	0.02979321777820587	0.33885377645492554	0.014294053427875042	0.024050943553447723
SLFN5	0.09350045770406723	0.4077914357185364	0.1363535374403	0.7544652819633484	0.7786942720413208
RCAN3	0.23238040506839752	0.12885671854019165	0.12427641451358795	0.07916560024023056	0.8141399621963501
ADGRG1	0.019739318639039993	0.01962880790233612	0.010211066342890263	1.0814543962478638	0.08361013978719711
DPP4	0.021036840975284576	0.03995852544903755	0.018268480896949768	0.02941513992846012	0.2542038559913635
SMPDL3A	0.008739994838833809	0.415416419506073	0.14299090206623077	0.014591328799724579	0.006792127620428801
FCGRT	0.3599461615085602	1.9056003093719482	1.7865766286849976	0.1459258496761322	0.5110384225845337
NPDC1	0.01747296191751957	0.020137837156653404	0.016876310110092163	0.02846567891538143	0.18473057448863983
PNOC	0.6262601613998413	0.0689433142542839	0.03252929449081421	0.014965926297008991	0.015655770897865295
CEBPA	0.021258607506752014	1.1435271501541138	0.3294183611869812	0.057899054139852524	0.0676283910870552
PTGER2	0.051092177629470825	0.4514707028865814	0.3392750918865204	0.6868980526924133	0.35149699449539185
CD8B	0.1287960708141327	0.25802019238471985	0.14363931119441986	0.07461871206760406	0.8154547214508057
CEBPD	0.0807468444108963	1.0602803230285645	1.2345194816589355	0.9629840850830078	0.20440886914730072
S1PR1	0.10515819489955902	0.0495326891541481	0.01669861003756523	0.21841074526309967	0.1553381234407425
CCR1	0.007085753604769707	0.19931231439113617	0.3367563486099243	0.05135354399681091	0.02040931023657322
HIP1R	0.35184839367866516	0.009687972255051136	0.012955492362380028	0.13111115992069244	0.11253353953361511
RAB32	0.045047156512737274	0.813008189201355	0.9855200052261353	0.09484245628118515	0.0994996502995491
BIN1	0.8792116045951843	0.13746480643749237	0.12898629903793335	0.9354382753372192	0.9766507148742676
ZNF385A	0.11979295313358307	0.7597514986991882	0.6171668767929077	0.007163670379668474	0.07432544231414795
BST1	0.012489745393395424	0.4081163704395294	0.6950343251228333	0.02212378941476345	0.04173320159316063
RNF130	0.16216130554676056	1.6375939846038818	1.5373727083206177	0.16734819114208221	0.21837107837200165
WDR34	0.2212921679019928	0.020177898928523064	0.014119611121714115	0.05058206617832184	0.01274014636874199
SGK1	0.05945780873298645	0.6395543217658997	0.9659057259559631	0.06511308997869492	0.12202538549900055
TMTC1	0.0	0.2474033236503601	0.047214534133672714	0.0	0.001332881161943078
HLA.DMB	1.7434271574020386	1.215854525566101	1.167563557624817	0.24105559289455414	0.24362987279891968
CARD9	0.008992215618491173	0.6432132124900818	0.1858033537864685	0.0	0.039980143308639526
PAWR	0.23930573463439941	0.0	0.006415987387299538	0.05078401789069176	0.022670919075608253
CD40	0.8827162384986877	0.2475186139345169	0.06689849495887756	0.03612397238612175	0.04553313925862312
CXCL3	0.0036773658357560635	0.05051601305603981	0.10060421377420425	0.0	0.0018793721683323383
SKAP1	0.40401288866996765	0.10835231840610504	0.061036452651023865	0.7932185530662537	0.6826013326644897
CLIC3	0.04332786053419113	0.03882507234811783	0.04656221717596054	1.7703231573104858	0.14835841953754425
ZNF185	0.010852718725800514	0.11982695758342743	0.14914248883724213	0.0	0.011372331529855728
PASK	0.05941231548786163	0.019772008061408997	0.011717282235622406	0.014311696402728558	0.22036322951316833
TLR2	0.008742015808820724	0.408210426568985	0.5072829723358154	0.014445307664573193	0.036536604166030884
RRAS2	0.5131431221961975	0.019262371584773064	0.0273207426071167	0.4114675223827362	0.15005256235599518
FAM129C	1.1016885042190552	0.03942175582051277	0.029737086966633797	0.02227083034813404	0.033488016575574875
CTBP2	0.014024193398654461	0.7198247909545898	0.3321670591831207	0.6707600951194763	0.05333147197961807
LILRB2	0.024994010105729103	1.5423650741577148	0.6737578511238098	0.021992545574903488	0.05260004475712776
RP5.887A10.1	0.23175552487373352	0.0	0.01671026647090912	0.007423237897455692	0.006406113505363464
FCER1G	0.42209672927856445	2.504434585571289	2.3746190071105957	2.358421802520752	0.5463125109672546
MARCH3	0.1926908642053604	0.009598514065146446	0.006431587506085634	0.013719461858272552	0.03348219394683838
ALDH2	0.11616246402263641	0.45924505591392517	0.829138994216919	0.04287518188357353	0.12802256643772125
AATBC	0.0016887675737962127	0.31723544001579285	0.0788278803229332	0.0073394146747887135	0.010993468575179577
KIAA0226L	0.5863963961601257	0.06857126206159592	0.06642567366361618	0.013955618254840374	0.030045025050640106
BATF3	0.009141338057816029	0.9296168088912964	0.05971972644329071	0.014938989654183388	0.04098803177475929
C10orf11	0.0034957427997142076	0.20799295604228973	0.28322872519493103	0.014499780721962452	0.03803298994898796
SIT1	0.3986208438873291	0.05961372330784798	0.05080903321504593	0.021615564823150635	0.549121081829071
GAS2L1	0.009030248038470745	0.1390315145254135	0.11562823504209518	0.0	0.010596921667456627
LYN	0.8645679354667664	2.083960771560669	1.1244289875030518	0.6847368478775024	0.13344620168209076
EPB41L3	0.008803794160485268	0.5594955086708069	0.2342791110277176	0.013980680145323277	0.03271755576133728
SAMD3	0.04760342836380005	0.04915007948875427	0.031086061149835587	1.35130774974823	0.4342406690120697
POU2AF1	0.6608737111091614	0.0	0.015530369244515896	0.0	0.025173142552375793
CLEC12A	0.0394703634083271	1.3277698755264282	1.076674461364746	0.044082146137952805	0.059615232050418854
CSF3R	0.05388522520661354	0.6845895051956177	1.4442894458770752	0.0717613622546196	0.10732842236757278
RP11.111A22.1	0.27625057101249695	0.019556382670998573	0.006444974802434444	0.0	0.004269480239599943
TMEM156	0.764937162399292	0.0	0.0339881107211113	0.20206215977668762	0.18958087265491486
TBC1D8	0.00548997288569808	0.43984273076057434	0.050139255821704865	0.007039037998765707	0.006083063781261444
PTP4A3	0.07239408791065216	0.623114287853241	0.06239648908376694	0.04426366463303566	0.12008228152990341
MFGE8	0.033716171979904175	0.03981553763151169	0.015456963330507278	0.16783462464809418	0.168170765042305
CARD11	0.15311768651008606	0.009749346412718296	0.018039904534816742	0.4218081831932068	0.1647556871175766
RIN1	0.005340196192264557	0.45018911361694336	0.12862806022167206	0.007302304729819298	0.04179920256137848
TNFSF13B	0.10244010388851166	1.3571712970733643	1.5975160598754883	0.1011664941906929	0.16776373982429504
CD302	0.05576087161898613	1.3522430658340454	1.3334628343582153	0.050292134284973145	0.10173182934522629
SPTBN1	0.29247990250587463	0.06875501573085785	0.03761689364910126	0.3334619402885437	0.3403768241405487
EVI5	0.06288932263851166	0.4972693920135498	0.3025255501270294	0.007335407193750143	0.026535484939813614
GZMM	0.11763162910938263	0.1478014886379242	0.0987342894077301	1.7498066425323486	0.930389404296875
TNFRSF13C	1.3636151552200317	0.0	0.02744898945093155	0.0511724129319191	0.06394673883914948
RP11.102N12.3	0.2860715687274933	0.12046576291322708	0.05902119353413582	0.0	0.010675610974431038
HCK	0.3218553364276886	2.1156628131866455	0.992587149143219	0.050579462200403214	0.12312638014554977
ZNF703	0.05776533856987953	1.1596310138702393	0.28451377153396606	0.021353626623749733	0.030200224369764328
TESC	0.03890904411673546	1.2432533502578735	0.485344797372818	0.18354041874408722	0.07243476063013077
CHST7	0.008914276026189327	0.3499155342578888	0.0378967821598053	0.014399738982319832	0.054063454270362854
CD180	0.6505982875823975	0.3715395927429199	0.16012008488178253	0.00663071870803833	0.03990309312939644
MAFB	0.03823288530111313	1.5212379693984985	0.6349835395812988	0.03620007261633873	0.03294004499912262
LUCAT1	0.007249138783663511	0.029573433101177216	0.11561226099729538	0.0	0.008391477167606354
LILRB3	0.034409720450639725	1.0596704483032227	0.6132464408874512	0.04364117980003357	0.0665983259677887
HVCN1	1.3989719152450562	0.8248169422149658	0.3446517586708069	0.28314685821533203	0.14683233201503754
CD3G	0.1447666436433792	0.149466410279274	0.11099434643983841	0.17712046205997467	1.5229508876800537
TYMP	0.5307485461235046	2.390645980834961	2.269740104675293	0.4700813293457031	0.4758822023868561
USP53	0.08166740089654922	0.0	0.011681989766657352	0.05865635350346565	0.12717434763908386
BLK	0.8903277516365051	0.01996748335659504	0.020956140011548996	0.021406516432762146	0.03025451861321926
MCTP1	0.010500887408852577	0.5605491995811462	0.3203611373901367	0.00733253825455904	0.033230870962142944
GOLGA8A	0.09826518595218658	0.019586635753512383	0.014340820722281933	0.1290610283613205	0.13009952008724213
ZEB1	0.1300925761461258	0.0	0.016864348202943802	0.10163675993680954	0.1858547329902649
HK2	0.023009836673736572	0.11791490018367767	0.27832454442977905	0.007308689411729574	0.025568729266524315
PECAM1	0.2049214243888855	1.7981255054473877	0.8003695607185364	0.42473652958869934	0.2465052455663681
C3AR1	0.008859755471348763	0.8040699362754822	0.11082848161458969	0.043581411242485046	0.025654170662164688
S1PR5	0.016073506325483322	0.010016776621341705	0.015514715574681759	1.1536039113998413	0.11331335455179214
MIR181A2HG	0.007336437236517668	0.0	0.0038916943594813347	0.29472294449806213	0.008794808760285378
SLC31A2	0.023242807015776634	1.0055110454559326	0.41155877709388733	0.02915680967271328	0.06545721739530563
JAML	0.12769314646720886	1.2294905185699463	1.4389535188674927	0.13711248338222504	0.6153885722160339
RP11.362F19.1	0.01203667651861906	0.6914440393447876	0.14846079051494598	0.00663071870803833	0.00939189177006483
CD93	0.021408701315522194	0.35661613941192627	0.8226901888847351	0.0357586033642292	0.04774573817849159
ADGRE2	0.02664862759411335	1.065293788909912	0.29409828782081604	0.021771902218461037	0.037660032510757446
AQP3	0.07793128490447998	0.059278495609760284	0.042763128876686096	0.10690584778785706	0.6527732610702515
KCNG1	0.20099247992038727	0.009875820949673653	0.0052064028568565845	0.007179718930274248	0.0037199303042143583
PLXNB2	0.015996288508176804	0.8019287586212158	0.48512521386146545	0.007440167013555765	0.05167316645383835
C5AR1	0.028966370970010757	1.4102535247802734	0.6929304003715515	0.02224390208721161	0.026695188134908676
RHOC	0.2319013923406601	2.110609292984009	0.3310914933681488	1.8773120641708374	0.3648454248905182
TPPP3	0.007041162345558405	0.5906238555908203	0.18029840290546417	0.013981007970869541	0.031177930533885956
SPRED1	0.008804593235254288	0.33754342794418335	0.0555938296020031	0.00753934308886528	0.006524527445435524
PRKCQ	0.01626487262547016	0.019164489582180977	0.01157546229660511	0.12428257614374161	0.16026915609836578
ITGA6	0.027638791128993034	0.020449664443731308	0.011759423650801182	0.13858656585216522	0.219947949051857
APBA2	0.043792154639959335	0.05982096865773201	0.02741800621151924	0.47593188285827637	0.3013790249824524
SIGLEC14	0.01989331655204296	0.187444269657135	0.13589198887348175	0.0	0.011103980243206024
SYNE2	0.24551555514335632	0.1390194445848465	0.03369377553462982	0.9304956197738647	0.7026185989379883
IGLC3	0.9960023164749146	0.13011567294597626	0.08967176824808121	0.10310455411672592	0.08752071857452393
FCRL6	0.023331234231591225	0.029963752254843712	0.017043545842170715	0.8665676116943359	0.11711466312408447
ASGR1	0.028901541605591774	0.5839288234710693	0.9933660626411438	0.014569875784218311	0.04730929434299469
TMEM170B	0.019952820613980293	0.15916110575199127	0.3242274522781372	0.014269563369452953	0.02114276960492134
OLIG1	0.003374282969161868	0.4242541491985321	0.3053206503391266	0.007304728962481022	0.008064370602369308
FAM46C	0.28981518745422363	0.050038255751132965	0.019456105306744576	0.1159786656498909	0.1669207066297531
ITM2A	0.11453182995319366	0.058724112808704376	0.037646397948265076	0.24276483058929443	0.636018693447113
TSHZ2	0.04460744932293892	0.0	0.010495668277144432	0.022106453776359558	0.22077816724777222
LST1	0.5407657027244568	2.5526444911956787	2.4383273124694824	0.42962801456451416	0.5973513126373291
AFF3	0.5937115550041199	0.0978073701262474	0.047566741704940796	0.05804570019245148	0.06534361839294434
RP11.138A9.1	0.2648056149482727	0.09049778431653976	0.040487054735422134	0.13855479657649994	0.44781509041786194
GFOD1	0.07783765345811844	0.16917088627815247	0.04048009589314461	0.4103505611419678	0.023800600320100784
RNASE6	0.5322191715240479	0.2730056643486023	1.1814247369766235	0.10884930938482285	0.12826655805110931
CD38	0.07986278086900711	0.04962737485766411	0.03241921216249466	0.4978671967983246	0.04519597440958023
ANKRD20A4	0.0018706044647842646	0.0	0.0	0.27458569407463074	0.011683034710586071
CDH23	0.01599275879561901	0.6772883534431458	0.13493500649929047	0.028621293604373932	0.035374097526073456
CPPED1	0.08950376510620117	1.6728003025054932	0.9009934067726135	0.07329370826482773	0.12744581699371338
RGCC	0.11388304084539413	0.2810348868370056	0.45744588971138	0.19517499208450317	0.8019838929176331
TMIGD2	0.04979297146201134	0.029807794839143753	0.021838311105966568	0.4629272520542145	0.2956429421901703
PTGS2	0.016282007098197937	0.29068389534950256	0.5014732480049133	0.00733253825455904	0.03304124251008034
TRAV4	0.008946101181209087	0.0	0.0013323999010026455	0.0	0.07857924699783325
FAM105A	0.03735339269042015	0.5800766944885254	0.49664998054504395	0.3087798058986664	0.27720940113067627
C12orf75	0.2325124740600586	0.08913096785545349	0.08476167172193527	1.50345778465271	0.6102347373962402
NCR1	0.0	0.009679518640041351	0.001308200415223837	0.5103873610496521	0.009655231609940529
TNFRSF8	0.005223577376455069	0.470226913690567	0.07327286154031754	0.0	0.0034921832848340273
XCL1	0.005358215421438217	0.010011767037212849	0.006566242780536413	0.8126798868179321	0.05356999486684799
TTC21A	0.18044514954090118	0.019557375460863113	0.016712874174118042	0.00678180530667305	0.013317563571035862
CYP1B1	0.0035489180590957403	0.07956725358963013	0.5333715081214905	0.007299588527530432	0.008637960068881512
CD33	0.03369893506169319	0.7130368947982788	0.7129102945327759	0.08763521164655685	0.09013281762599945
AIF1	0.3394690454006195	2.5199389457702637	2.4195475578308105	0.35296565294265747	0.6298713088035583
EPS8L2	0.05502425134181976	0.01065993495285511	0.011747119016945362	0.13110032677650452	0.13298480212688446
CSF1R	0.02997671626508236	1.6192435026168823	0.4803921580314636	0.028659701347351074	0.06481171399354935
BCL7A	0.7152324914932251	0.039416469633579254	0.011689357459545135	0.028961943462491035	0.06396931409835815
VMO1	0.0017065739957615733	0.2855067849159241	0.007763510569930077	0.0	0.0038786332588642836
KIF13A	0.012547455728054047	0.05943964049220085	0.19435863196849823	0.022006388753652573	0.00966010894626379
CD320	0.11664369702339172	0.059389811009168625	0.03986108675599098	0.4042142331600189	0.3388309180736542
MAL	0.09715832769870758	0.0690438374876976	0.0378543995320797	0.050239600241184235	0.7378101944923401
OLFM2	0.015764323994517326	0.0	0.0	0.03612392023205757	0.10111576318740845
OCIAD2	0.682483971118927	0.08911381661891937	0.1261965036392212	0.564755380153656	0.993550181388855
FYB	0.21764789521694183	1.7536706924438477	1.6790573596954346	1.3037307262420654	1.5922975540161133
HAVCR2	0.012650786899030209	0.4097382128238678	0.17823494970798492	0.39693349599838257	0.06835529953241348
CALML4	0.0017964041326195002	0.2881438732147217	0.046011898666620255	0.014093387871980667	0.00863208994269371
LEF1	0.17410239577293396	0.11868254840373993	0.10915236175060272	0.11450787633657455	1.0884604454040527
FEZ1	0.007055479101836681	0.00957777164876461	0.0038871944416314363	0.4645630121231079	0.03791183978319168
HLA.DMA	1.9297070503234863	1.5942283868789673	1.4924931526184082	0.35194942355155945	0.37012338638305664
CD5	0.09486711770296097	0.0495021753013134	0.03747296333312988	0.05018658563494682	0.5071131587028503
BCL2A1	0.3833765387535095	1.6272848844528198	0.6513370275497437	0.10903352499008179	0.2383648306131363
RIC3	0.5135241746902466	0.009756655432283878	0.0205675195902586	0.014096307568252087	0.3230641484260559
METTL7A	0.43389272689819336	0.7230522036552429	0.4891532361507416	0.14506834745407104	0.0512903556227684
CES1	0.017863988876342773	0.1094633936882019	0.48249784111976624	0.03633062168955803	0.07774118334054947
A2M.AS1	0.012420625425875187	0.02919476479291916	0.028361773118376732	0.30367884039878845	0.14506998658180237
PPP1R14A	0.4126277267932892	0.010148308239877224	0.012922337278723717	0.014666224829852581	0.03397531434893608
STOM	0.03905729576945305	0.2690804600715637	0.18687330186367035	0.8630409240722656	0.30414533615112305
CRTC3	0.2906983494758606	0.029610080644488335	0.18098126351833344	0.26308193802833557	0.3653402030467987
IGFBP7	0.017988739535212517	0.27930572628974915	0.1889193207025528	1.1333824396133423	0.06636602431535721
LAT2	0.8585768342018127	0.6937311887741089	0.6605615019798279	0.8994186520576477	0.1275622844696045
E2F5	0.22637604176998138	0.00975380651652813	0.01161146443337202	0.057824160903692245	0.011492119170725346
IRF8	1.3523507118225098	0.8361705541610718	0.5661125183105469	0.5114197134971619	0.15192167460918427
THEMIS	0.04264383018016815	0.03950231522321701	0.033905789256095886	0.021601790562272072	0.3480846881866455
AC013264.2	0.02303062006831169	0.0	0.018277607858181	0.028531445190310478	0.2700413763523102
LILRA1	0.017778942361474037	0.9983887076377869	0.4128056466579437	0.007179718930274248	0.034102700650691986
VSTM1	0.007049195468425751	0.1787019819021225	0.2520788609981537	0.014240363612771034	0.010681750252842903
GDF11	0.0809108093380928	0.07768263667821884	0.012897415086627007	0.10931644588708878	0.10724005103111267
FXYD7	0.148066446185112	0.01957951858639717	0.012988804839551449	0.13173195719718933	0.13999249041080475
CDCA7L	0.6969997882843018	0.01961430534720421	0.02731766179203987	0.056810103356838226	0.11335333436727524
JCHAIN	0.5903959274291992	0.06935719400644302	0.05219653621315956	0.04995435103774071	0.05411402881145477
WARS	0.06938466429710388	1.6526110172271729	0.5456516146659851	0.05780176818370819	0.1307201385498047
PTAFR	0.036219436675310135	0.26797404885292053	0.41043347120285034	0.02188502810895443	0.034566376358270645
HK3	0.0089512187987566	0.7420315742492676	0.21494510769844055	0.021362030878663063	0.021986335515975952
CACNA2D3	0.007178816478699446	0.06892084330320358	0.31622037291526794	0.007423237897455692	0.0574590340256691
TXK	0.030171265825629234	0.029758617281913757	0.033565375953912735	0.9429965615272522	0.4881345331668854
DCAF12	0.017620760947465897	0.3080396354198456	0.20487330853939056	0.09338878095149994	0.1030796691775322
SOCS1	0.15507559478282928	0.07998816668987274	0.026021646335721016	0.12514448165893555	0.26870670914649963
CTSL	0.008958738297224045	0.823567271232605	0.0511246956884861	0.006938812788575888	0.04886568710207939
FCAR	0.008709033951163292	0.03901459276676178	0.17880262434482574	0.0	0.005898625124245882
CNFN	0.24061799049377441	0.02010335959494114	0.0875706896185875	0.014934349805116653	0.012322522699832916
TNFRSF1A	0.05352122336626053	0.8399478197097778	0.6578155755996704	0.5879881381988525	0.2795737385749817
TNFRSF13B	0.35413044691085815	0.0	0.0026676428969949484	0.0	0.008714206516742706
CTD.2006K23.1	0.015870658680796623	0.6094329357147217	0.10404359549283981	0.014015919528901577	0.01667305827140808
CPVL	0.08646054565906525	1.6281551122665405	1.3487192392349243	0.06489119678735733	0.12206514924764633
ABI3	0.15446504950523376	1.8475850820541382	0.44435104727745056	1.1354931592941284	0.3140658140182495
MTMR11	0.024903159588575363	0.8622853755950928	0.4641827344894409	0.0	0.05275779590010643
AC092580.4	0.022914888337254524	0.028968598693609238	0.03509873151779175	0.39785048365592957	0.38571983575820923
LKAAEAR1	0.001773505937308073	0.32649561762809753	0.01804761029779911	0.0	0.005570004694163799
TTC38	0.014413411729037762	0.09943535923957825	0.05462571606040001	1.1541861295700073	0.07658638060092926
MAPKAPK3	0.1287757158279419	1.699227213859558	0.6110702753067017	0.3275235593318939	0.27262258529663086
KIR2DL1	0.003650215221568942	0.0	0.0038773692212998867	0.3801887035369873	0.016604403033852577
ARHGAP24	0.9562056660652161	0.08059661835432053	0.23706687986850739	0.0	0.026698704808950424
NRGN	0.023711981251835823	0.40828707814216614	0.5171384811401367	0.014887342229485512	0.0523064099252224
CXCL2	0.008992384187877178	0.17559969425201416	0.23212964832782745	0.0	0.013306690379977226
KLK1	0.13966849446296692	0.010094072669744492	0.010357489809393883	0.0	0.003237223718315363
SLC2A6	0.30619868636131287	1.237750768661499	0.2814141511917114	0.0367293581366539	0.0777072012424469
IL1RN	0.006912242621183395	0.13988839089870453	0.2969475984573364	0.0	0.024357009679079056
HOPX	0.11997810751199722	0.10809127986431122	0.05754997208714485	2.158480167388916	0.40731489658355713
ORMDL3	0.2875896692276001	0.14883597195148468	0.059807177633047104	0.3946950137615204	0.4996028542518616
CLEC4D	0.0018610532861202955	0.01997239701449871	0.1991083025932312	0.0	0.0017537623643875122
SLC40A1	0.021192224696278572	0.0809507817029953	0.20352472364902496	0.028482656925916672	0.15499292314052582
ADAM28	1.0612808465957642	0.019516410306096077	0.05692407488822937	0.11594768613576889	0.062154095619916916
PLAUR	0.04822040721774101	1.4076786041259766	1.1028743982315063	0.058929380029439926	0.10513000190258026
CD300LF	0.021394582465291023	1.015885591506958	0.5076228976249695	0.013935446739196777	0.045143067836761475
ITGAX	0.0462653748691082	0.9113808274269104	0.39794403314590454	0.33165159821510315	0.0643099695444107
CMC1	0.17335936427116394	0.40012842416763306	0.20681604743003845	1.8846224546432495	0.5067482590675354
RASGRP1	0.12704873085021973	0.03961677476763725	0.03158074617385864	0.2830161452293396	0.4170437455177307
FCN1	0.3208822011947632	1.9910447597503662	2.414710283279419	0.26386651396751404	0.3586415946483612
FOLR2	0.04066803306341171	0.11008744686841965	0.14408059418201447	0.0	0.0081486776471138
AP001059.6	0.16540637612342834	0.0	0.005154779180884361	0.0	0.00979207456111908
ARPIN	0.012511995621025562	0.05075811967253685	0.20840473473072052	0.0	0.012671935372054577
CLEC2D	1.2946445941925049	0.37821975350379944	0.24084466695785522	0.6192253232002258	1.4422461986541748
NAGA	0.05225518345832825	1.0138880014419556	0.449310839176178	0.16118228435516357	0.11111900955438614
PLEKHF1	0.03408200666308403	0.049847979098558426	0.012824582867324352	0.7860328555107117	0.16500943899154663
LILRB4	0.01230721827596426	0.46959999203681946	0.2898726165294647	0.014425481669604778	0.05183872953057289
LGALS9B	0.0018647985998541117	0.020003339275717735	0.00767864566296339	0.26277631521224976	0.00392697611823678
TRGC2	0.04007018730044365	0.10838556289672852	0.03921719640493393	0.6326244473457336	0.49232572317123413
FCGR2B	0.5296781063079834	0.0696532130241394	0.03788604214787483	0.0	0.037670619785785675
RP11.297B17.3	0.28073856234550476	0.0	0.0026192828081548214	0.007190732751041651	0.0032109227031469345
KIAA0125	0.6551674604415894	0.0	0.014234023168683052	0.05111752822995186	0.030459942296147346
TBX21	0.03777182474732399	0.03956970199942589	0.009176896885037422	1.0943297147750854	0.11851931363344193
MTSS1	0.4610193967819214	1.5204745531082153	0.1818159818649292	0.31693243980407715	0.08554109185934067
PIK3AP1	0.3190670311450958	1.3337494134902954	0.5609474778175354	0.2790125906467438	0.09140905737876892
STAP1	0.36656349897384644	0.0	0.002570816781371832	0.02844778262078762	0.01567125879228115
TRAC	0.550456702709198	0.4946686625480652	0.45261621475219727	0.7713522911071777	2.2179267406463623
PRR5	0.053511954843997955	0.24043068289756775	0.02468162029981613	0.345130980014801	0.23074379563331604
C3orf14	0.014250501990318298	0.4068028926849365	0.09710624814033508	0.007304728962481022	0.029362017288804054
LINC01506	0.0054356311447918415	0.32978129386901855	0.1438986212015152	0.01480271015316248	0.006719426717609167
CASC8	0.0017860622610896826	0.029818298295140266	0.16139718890190125	0.007486559916287661	0.006997098680585623
G0S2	0.018152888864278793	0.22755968570709229	0.3738408386707306	0.0	0.022778160870075226
SLAMF1	0.12173975259065628	0.02964949980378151	0.012882527895271778	0.013972637243568897	0.10957448184490204
MGLL	0.014078103937208652	0.43679583072662354	0.052715640515089035	0.00678180530667305	0.020935162901878357
LILRA6	0.007159404456615448	0.2673858106136322	0.17748740315437317	0.007421756163239479	0.011291831731796265
IGLL5	0.18426834046840668	0.009836065582931042	0.0026710983365774155	0.014966362155973911	0.005973095539957285
TGFBR3	0.012200658209621906	0.019599149003624916	0.010327806696295738	0.4338366985321045	0.08995909243822098
LMO2	0.04858851805329323	1.122759222984314	0.5402446389198303	0.006801147013902664	0.06038562208414078
KCNE3	0.01447466854006052	0.37133219838142395	0.4916568398475647	0.021264279261231422	0.02470456063747406
MXD3	0.035488151013851166	0.44610700011253357	0.15113432705402374	0.029590900987386703	0.035762641578912735
CCDC102A	0.10222164541482925	0.0	0.005220826715230942	0.27095451951026917	0.10145843029022217
GAPT	0.8396953344345093	0.7250757217407227	0.5107899904251099	0.04195170849561691	0.07646916061639786
FGFBP2	0.05514823645353317	0.0898781567811966	0.06659504026174545	1.8832710981369019	0.2014762908220291
MZB1	0.6347476840019226	0.019761227071285248	0.03374967724084854	0.0579187236726284	0.039520714432001114
STX11	0.04142289236187935	1.1494014263153076	0.6914884448051453	0.19127245247364044	0.09345956146717072
TSTD1	1.1164069175720215	0.6036902666091919	0.2081376016139984	1.1440062522888184	1.107895016670227
ABLIM1	0.23914523422718048	0.06869641691446304	0.03640152886509895	0.21148541569709778	0.3767012059688568
BACE2	0.30117589235305786	0.019970497116446495	0.0025505709927529097	0.014651743695139885	0.008766263723373413
SLC8A1	0.012456648051738739	0.45981425046920776	0.3421272039413452	0.007225114852190018	0.027654150500893593
FAM26F	0.9677264094352722	1.9337128400802612	0.674648642539978	0.1973550021648407	0.1315365880727768
HMOX1	0.05845246836543083	1.3498103618621826	0.3703467547893524	0.05730454996228218	0.033974770456552505
CSF2RB	0.04507399722933769	0.3371792435646057	0.3171563446521759	0.021682605147361755	0.029974497854709625
MLC1	0.0037076850421726704	0.059093818068504333	0.006495040841400623	0.27760910987854004	0.006041269749403
NFAM1	0.014036441221833229	0.2762693464756012	0.4002076983451843	0.0	0.02173616550862789
PKIG	0.748931348323822	0.029751097783446312	0.02482079714536667	0.007335407193750143	0.04859340935945511
