Gene symbol	avg_B cell	avg_NK cell	avg_T cell	avg_Monocyte	avg_Dendritic cell
ABCB4	555.7134486	13.68283856	7.406441697	6.202495893	4.872184408
ABCB9	15.6035437	21.8637228	30.04819243	20.30942573	23.38460308
ACAP1	215.3059512	512.636909	922.1527467	190.8790244	26.41292251
ACHE	15.11794931	16.65373849	18.44492663	16.37526833	193.1599772
ACP5	605.8973843	340.8201368	557.8198203	512.9313823	3989.865169
ADAM28	1943.742699	193.6093922	21.23331069	58.3112027	53.21964861
ADAMDEC1	371.0335929	68.27758592	47.43351387	106.301336	1784.613941
ADAMTS3	146.1955683	31.43526856	57.38590645	54.79707074	44.22693487
ADRB2	486.3438163	1957.53925	595.2105488	664.8839501	82.9116614
AIF1	24.0742984	105.7345527	35.1722477	8655.680002	26.9238589
AIM2	327.9580556	87.22742351	250.2995803	536.1118999	907.0399616
ALOX15	12.23359461	30.17685432	12.00966261	9.800855372	30.34226562
ALOX5	1799.683549	157.0365044	132.0101224	1979.301155	73.10596198
AMPD1	263.7450621	59.1404365	85.31836726	98.2326067	60.64349611
ANGPT4	23.12217296	9.380755775	44.47513375	16.91869965	12.01870358
ANKRD55	284.4126543	83.38527977	436.4203479	126.1078201	133.5596277
APOBEC3A	102.4291739	253.3068151	52.73721382	2415.197908	2637.278954
APOBEC3G	1283.451966	6314.770723	2340.674986	865.7405246	1393.358139
APOL3	222.6275107	1172.693097	1615.032254	1000.826958	861.4587391
APOL6	17.31182151	12.85527177	8.439383107	11.82068745	159.5346364
AQP9	21.34280658	93.46925864	14.8941249	2044.034835	1454.899429
ARHGAP22	34.63556475	82.42753503	22.63123607	54.80800174	2985.731104
ARRB1	15.93115384	57.39670667	25.18421938	440.2370047	32.66449377
ASGR1	40.87013431	10.82390469	13.27420938	976.7071792	33.71862306
ASGR2	30.26095627	29.55398187	41.82249473	1484.961048	23.49623112
ATHL1	367.9599908	570.547141	794.9480224	183.2808703	26.36096779
ATP8B4	123.6149862	612.7580118	51.01417813	219.3440174	109.3567651
ATXN8OS	19.03486997	10.34693112	12.65987353	10.41544387	12.37331355
AZU1	26.08448842	411.6451897	45.14159359	96.50450872	58.98475492
BACH2	4442.146224	478.0988813	449.1787857	52.1091524	82.81441868
BANK1	7633.960182	33.00482498	35.51276327	86.58724759	19.41137259
BARX2	16.2562128	19.02444933	10.89927471	18.15622799	21.75934628
BCL11B	166.5812991	818.2107999	4962.937555	88.02675109	76.4604343
BCL2A1	112.6417383	539.9592883	755.8584033	2261.391134	5551.253657
BCL7A	1097.312303	31.50174882	78.52160611	53.33648066	211.8047471
BEND5	571.2009408	74.64354417	64.9845649	57.98412082	79.33688539
BFSP1	8.615516504	34.61450761	8.910362721	21.37855994	12.20057862
BHLHE41	227.283923	51.53421812	26.70594032	42.84587819	552.0522552
BIRC3	1762.323129	283.6871924	1121.424012	159.952492	10553.57544
BLK	1788.424777	10.05664906	19.16528476	34.13408456	16.7439792
BMP2K	282.3095234	107.0425872	42.06887765	350.5910579	620.4619299
BPI	10.46971467	837.2008291	12.50772288	280.0017084	14.91304029
BRAF	2571.803933	298.7194597	155.551421	264.8782577	360.063401
BRSK2	10.44585498	18.27029466	16.19041478	11.75864418	28.80995339
BST1	65.21842011	151.4101449	67.69994038	1567.219569	113.982438
BTNL8	15.22236138	11.54872001	17.46905843	20.1092024	18.98239767
C11orf80	531.8492615	100.49005	158.5148937	85.67243058	141.8654708
C1orf54	41.71079514	162.6593193	288.2644361	395.0230177	1134.906101
C3AR1	131.0995558	753.7180287	198.3433582	1337.368233	259.2776033
C5AR1	92.39233333	335.1748215	24.57422621	4237.561451	889.9578222
C5AR2	8.032047496	35.45497764	6.818438323	56.84374943	18.84768096
CA8	17.99617948	14.15699793	16.42178108	14.00907196	32.21701547
CAMP	32.24981999	1655.267194	101.7397638	126.178855	41.52861367
CASP5	16.22879037	35.16192527	9.073509293	120.1766089	52.52248298
CCDC102B	7.52422977	21.31213885	13.31038127	5.674857963	8.571628691
CCL1	9.151450435	11.53343942	9.669430796	11.12331494	366.165883
CCL13	195.3507704	95.02050924	118.4029297	87.08769892	5513.790278
CCL14	70.01715851	67.54459099	91.76959128	105.0702474	172.6730315
CCL17	42.21616032	75.01179342	30.30478142	67.76049878	6414.906541
CCL18	19.93877192	39.1384328	12.82579482	40.68134871	1749.786143
CCL19	78.52160611	109.9231796	60.92923205	115.5525527	3048.871233
CCL20	39.50876033	18.43517451	29.40136468	18.85113165	1509.776445
CCL22	46.07125476	26.9167755	27.87853733	33.117333	30950.32751
CCL23	19.74347261	64.61571582	27.6569304	37.98614378	377.5397731
CCL4	1661.464071	11202.80591	442.4757485	3000.888772	4282.933369
CCL5	19.56849893	17238.65692	3143.971755	102.8425968	6507.212063
CCL7	80.54919503	33.53994623	38.5055913	36.20654238	72.95235312
CCL8	229.3383995	49.61858818	64.22389989	126.7672449	1523.493213
CCND2	299.0433892	1065.420393	1162.572673	196.775837	308.3936468
CCR10	52.98873326	81.81890669	282.9223926	68.90758909	76.23824701
CCR2	420.0370653	92.11909435	756.5516447	2908.726283	117.1398876
CCR3	135.0222303	128.2007913	88.58205857	83.4012701	66.10168276
CCR5	98.76355416	578.4832233	462.1524294	489.987509	624.5662045
CCR6	327.4987971	46.43838291	486.3438163	29.59035049	42.18974701
CCR7	3811.326733	672.4665585	2693.556404	165.2353496	14223.15516
CD160	446.1294222	2499.533496	125.3243228	93.85626167	78.86266197
CD180	1502.166724	37.04952547	37.96319899	576.4469199	93.2676663
CD19	7315.689158	90.4860579	55.61361754	164.9026221	161.3344231
CD1A	1294.174017	152.5357864	191.4053509	312.0225877	1315.229715
CD1B	1351.157456	152.9052072	192.5532686	198.2817057	2349.595156
CD1C	1349.225244	36.32319474	204.5100438	526.834127	1002.723527
CD1D	243.5748238	16.24955986	10.79075018	2785.253606	51.31081795
CD1E	53.25152761	53.71078497	55.87769713	91.10615096	1421.6131
CD2	419.4350192	6247.906848	9578.936337	222.357789	146.9688776
CD209	68.81156687	42.60499233	16.53368601	84.17376676	228.3870623
CD22	3293.629651	41.94230156	54.37437693	31.15232509	36.801049
CD244	59.70898915	1823.542464	69.11006059	828.4298346	18.38716012
CD247	23.66779296	16099.47966	5318.708728	35.27406041	32.48553108
CD27	388.8197482	196.4705551	4188.175594	136.4091916	111.9872056
CD28	170.6541081	77.96041968	961.774233	79.14901833	66.03630917
CD300A	30.69853755	5340.892712	414.3723032	2187.807203	26.19487356
CD33	25.374709	13.328498	11.69136762	1494.400184	15.47840391
CD37	13247.62405	2090.502205	4287.536344	4508.112105	99.31070429
CD38	588.2648306	1418.265485	205.305051	237.7018615	3371.628895
CD3D	103.2248459	250.8695535	12009.36242	79.18206065	132.5505719
CD3E	1233.172359	461.7145711	6370.192958	225.2808846	276.20651
CD3G	55.98119171	252.9163802	3066.253514	31.97464945	38.2153575
CD4	138.4573773	81.07568775	3710.379943	3343.906153	701.0986434
CD40	1493.347557	164.1619074	168.9573287	298.5733076	4943.303284
CD40LG	65.37231327	29.30316525	852.1721059	24.75213495	16.89038862
CD5	482.7709118	283.2620394	1734.374565	312.9288878	259.6191632
CD6	75.85653173	623.8033823	3148.85189	90.96996824	90.20058102
CD68	3.286119074	93.83368418	15.76945271	806.3047213	687.7634179
CD69	8246.962733	1781.265844	5489.202469	66.10288756	69.45698718
CD7	15.62904812	1666.682281	1507.773715	20.48373388	22.00857195
CD70	294.6566184	226.6449338	266.2959935	189.6644237	705.6011675
CD72	1434.004736	67.34451995	8.195551244	9.096324111	8.05889839
CD79A	12117.94539	149.4947867	161.6033691	174.974517	189.639752
CD79B	5975.189254	364.2599841	341.3861217	158.7986952	72.14957289
CD80	131.2576257	163.1921911	92.39233333	148.4294518	4526.24129
CD86	354.7433616	110.1384066	95.47693449	1398.4001	4490.947531
CD8A	564.4780916	959.5951565	147.1712529	203.576442	163.4447696
CD8B	21.53089091	20.09303314	16.54639136	14.49443263	13.49794899
CD96	140.0696821	1629.78438	1571.924274	35.69766875	56.78650106
CDA	7.453474496	98.13957615	14.73210587	1040.419935	36.03732383
CDC25A	14.44417944	13.26647127	9.040054131	14.74858062	12.77212168
CDH12	10.62580967	27.0789387	8.59290329	9.440421022	23.20574621
CDHR1	15.70334805	237.0997067	12.73061175	10.5027912	8.710620771
CDK6	30.69853755	27.05878945	99.98686977	21.06647043	67.41087913
CEACAM3	68.46140597	189.912654	55.44751849	242.1017704	210.180427
CEACAM8	77.91715796	956.067675	73.7311384	6.650645086	19.05023187
CEMP1	28.85299608	24.7914552	8.245074698	12.41773777	7.792685483
CFP	4.573719127	33.99443636	50.46125007	3702.502521	451.2500358
CHI3L1	9.040054131	344.721706	7.285693652	12.16796964	473.9150298
CHI3L2	574.7325605	322.0390633	312.1882039	200.9927361	210.5699575
CHST15	375.0617962	43.29669296	41.68602369	3334.89402	99.79101855
CHST7	15.2998514	29.82523398	367.4048158	291.0641772	3085.840231
CLC	317.0133169	509.9159527	110.2519917	86.56595204	102.2341069
CLCA3P	17.20651635	4.29075067	2.307902038	2.691185739	0.758567527
CLEC10A	110.2519917	56.08638386	77.30955315	481.4264713	145.4750722
CLEC2D	1012.819733	979.2239401	1711.865828	93.13451585	2002.179445
CLEC4A	270.684059	66.20219764	19.995556	2802.254283	558.9934716
CLEC7A	148.8556127	143.1492688	89.98404196	6165.953009	1178.503785
CLIC2	8.195551244	24.68882499	4.799625554	103.5590934	5239.88349
CMA1	77.95639785	57.33259038	46.6365232	58.76829357	53.12239382
COL8A2	135.2230196	88.02552084	61.77215124	275.8747733	109.1988225
COLQ	28.85299608	406.5670516	135.3256446	33.83180651	20.18679185
CPA3	786.5967435	458.1363071	243.2991012	135.1465191	149.4195584
CR2	1471.268235	25.27012551	67.24739132	35.1557773	51.3593367
CREB5	30.97425375	13.03890087	7.370460489	360.9106341	257.4524083
CRISP3	27.37818895	164.0262277	7.582193721	5.032005451	5.355044803
CRTAM	54.88908823	261.1619294	114.0594238	212.0416867	153.9609051
CRYBB1	8.51087882	9.40235754	10.6390921	9.396148118	8.796010004
CSF1	22.1078749	21.72047615	32.27097928	24.56893179	93.53462038
CSF2	24.24874392	47.27814858	25.87142267	27.09459243	38.03034172
CSF3R	99.76628743	115.6437107	36.16508067	2331.948628	67.25193329
CST7	29.71165699	11514.68497	1470.064999	63.6732263	4059.440795
CTLA4	19.39158332	11.01469755	606.1036832	18.619765	12.49357301
CTSG	247.7712501	309.0786617	81.23896111	88.12615549	42.00016699
CTSW	16.65790643	6980.778276	963.2767736	16.93731154	15.8711173
CXCL10	761.3944185	201.1109308	152.9758784	500.9300164	11302.3948
CXCL11	90.26229276	28.53859717	14.33061258	38.41873667	3956.496269
CXCL13	50.1800947	10.02644064	8.95713845	10.31783604	20.93152388
CXCL3	73.07039801	17.38441257	30.02788375	175.8826199	157.0218318
CXCL5	94.16490321	25.08008077	41.21600403	32.93471403	387.4036234
CXCL9	597.5841917	186.9242102	151.5042347	265.0825127	2918.819703
CXCR1	260.5780432	515.9159844	253.8205315	82.78141165	64.12271586
CXCR2	26.76355546	963.1701029	20.88194891	408.3528365	48.42702155
CXCR5	368.7814351	16.03380756	181.8245372	14.61246054	26.90915848
CXCR6	143.966553	175.2851029	190.1248095	89.88376184	93.76432338
CXorf57	39.26542516	54.61125396	111.2439257	8.024895821	5.419912679
CYP27A1	28.17031886	36.91521067	18.92107732	761.5963848	1970.12216
CYP27B1	839.568697	95.8119075	112.6050172	96.6530619	2253.07628
DACH1	8.110268958	34.41652414	6.332890006	63.04081707	6.024269222
DAPK2	50.49233083	75.19081972	53.08765217	50.3687963	57.82502739
DCSTAMP	38.69538004	39.23336722	19.29191355	100.3959971	632.4755841
DEFA4	364.8313155	3153.504694	252.1933458	108.489886	104.1710485
DENND5B	47.963256	28.75548047	6.171513508	5.019653713	28.44840466
DEPDC5	23.00370479	74.53481103	41.85091261	40.17793365	38.1781776
DGKA	426.967722	393.4296648	2690.021108	300.9545855	236.2697561
DHRS11	53.98997768	61.62409019	27.7175438	46.95962914	299.290358
DHX58	13.86362993	126.714319	30.99587635	66.42778065	1538.10279
DPEP2	695.4566346	636.0698166	631.2800075	1471.477094	37.70324907
DPP4	19.45168576	43.07303297	1042.227242	19.65506451	138.2117037
DSC1	82.26251271	21.21931052	15.6035437	18.85006161	14.70793626
DUSP2	13.29827708	494.2129873	2005.427058	404.8953793	536.6914932
EAF2	3181.18246	198.0166857	138.142275	683.9617628	468.0738156
EBI3	10.50267123	10.01431702	11.53252065	12.4947299	6496.243408
EFNA5	5.427660306	29.85222409	24.29954135	16.87392513	35.5318796
EGR2	122.3401907	155.2354783	36.23835539	466.5929482	1121.590168
ELANE	11.04729816	734.2988939	12.43682411	28.96336488	13.01751849
EMR1	499.0111023	348.0789413	312.812165	1815.513906	237.420847
EMR2	145.9766252	174.2285945	83.26351882	1319.424101	357.6021098
EMR3	55.17004911	63.86912529	63.19960659	379.6236682	19.31544328
EPB41	21.98416943	104.9505198	385.6302551	25.10456886	73.20980687
EPHA1	47.02936831	155.7830488	292.8838925	63.80169822	58.64760753
EPN2	46.90834881	31.97660478	96.20392388	32.43586908	31.56870199
ETS1	988.8726693	759.7185652	1902.189462	85.66933558	115.7021417
ETV3	37.98662268	33.20716288	455.2117491	40.95675962	2091.702661
FAIM3	11191.41447	2548.903709	5134.615329	117.871065	49.08029322
FAM124B	21.67016354	20.02563485	20.50088961	29.15950369	11.26463001
FAM174B	117.7226808	40.33600095	104.0881916	39.85052889	40.87114944
FAM198B	9.800664188	23.76109791	8.45170015	515.249292	45.53321991
FAM212B	49.97014577	13.78507742	25.23626149	95.87273144	12.50084037
FAM65B	4719.699579	1586.716996	2808.159439	2428.861545	126.2864186
FASLG	342.8390554	1537.723722	140.8491762	108.383093	101.0667448
FBXL8	7.713639432	12.81344642	313.0593206	43.1055926	55.64683088
FCER1A	106.1351171	168.922198	129.667324	622.2119019	88.29115522
FCER2	990.3077473	12.55432737	10.14786303	12.66527557	98.25529772
FCGR2B	3389.8606	119.9451162	30.69853755	287.6388369	137.2036108
FCGR3B	434.6883898	494.7560439	133.7448215	402.4458452	125.0983352
FCN1	160.5487443	465.2336051	98.71765801	29800.42108	120.9633626
FCRL2	4384.737162	54.32604608	55.77947477	47.6563456	38.40731991
FES	8.544430362	211.838797	6.024967349	826.5409485	10.72101379
FFAR2	12.83845224	73.96615142	15.89364427	101.05938	16.51972226
FLJ13197	129.5124355	147.0679625	110.1171051	15.24807194	8.549571152
FLT3LG	26.22845437	226.7845957	1471.268235	69.27835254	62.75049101
FLVCR2	69.18049192	140.2531417	145.8719106	566.9712028	1056.886238
FOSB	200.0093028	32.22859594	59.70898915	3422.450435	45.83078441
FOXP3	135.9782583	31.98561018	190.192431	76.15295297	64.02824977
FPR1	361.3212533	397.2639649	240.3083941	9800.634834	222.4014754
FPR2	227.4506603	88.1553815	57.00754952	964.2419055	48.59895914
FPR3	325.6674246	112.657984	116.5979064	203.421307	4194.211448
FRK	138.3048999	3.655442581	5.639101241	7.43265118	18.05689621
FRMD4A	57.81750686	46.14200777	71.89460431	52.74025927	57.27849364
FRMD8	197.3732828	249.1822219	141.1237411	247.2516889	290.6920702
FZD2	40.20305932	21.52230454	6.482478073	455.2912189	236.3498633
FZD3	121.5674974	29.43502605	39.04159069	39.70835546	24.30648198
GAL3ST4	69.54706802	35.6643216	238.0119755	44.09898382	57.36368731
GALR1	2.661554274	4.227180464	6.212037366	4.179834102	3.475112044
GFI1	27.63680315	508.7800779	132.9727705	19.38352568	53.2689152
GGT5	11.49823256	16.95386801	9.261514296	11.13018839	12.62902183
GIPR	8.245074698	13.45361226	5.19508538	8.506723418	11.2653381
GNG7	768.0078466	60.45334031	104.2562884	112.449475	70.79123977
GNLY	9.016559093	21760.60028	1198.37505	19.94743339	21.45038814
GPC4	126.6902267	77.48575035	77.95639785	56.14456485	86.47333389
GPR1	3.129845825	17.25032467	1.244201526	5.245664557	2.979127268
GPR171	33.51495052	443.0770732	969.236538	14.67922106	560.4038043
GPR18	3056.84082	1204.171373	678.2573057	109.6660347	33.94734448
GPR183	275.8348106	216.2351844	3012.768061	196.979149	1945.433337
GPR19	27.02537152	42.35493987	71.86055345	19.81202335	14.74706676
GPR25	4.292572754	11.1673751	138.1919025	14.04592183	4.701007424
GPR65	507.5709281	2138.331722	1499.931247	1473.160908	155.0751578
GPR97	154.4101049	295.1646205	138.4573773	71.26388228	138.6725511
GRAP2	12.62708927	200.763896	269.2219489	11.82509864	10.11500312
GSTT1	6.958858985	15.93181405	14.99403456	17.31196185	64.6589982
GUSBP11	8048.07448	311.6532884	151.2654723	43.51505491	9.611149339
GYPE	38.71816582	15.90605862	3.69898121	6.627731906	8.386579586
GZMA	204.958358	13660.47953	4034.52042	132.0433731	128.6984558
GZMB	102.255299	15276.85279	58.9177582	61.71915165	82.17563279
GZMH	21.35853068	11889.00904	630.7749174	36.90093477	26.34630303
GZMK	184.0395826	1967.19369	3724.329794	67.13748264	81.98912286
GZMM	6.305414565	3771.290343	884.0128037	13.20630847	20.75077043
HAL	380.2322774	99.60146076	75.48182942	877.1793038	54.11520645
HCK	273.5706061	391.7033029	80.31784648	7368.002228	3772.369126
HDC	147.9736788	200.3498771	118.9595662	129.5522336	109.8186109
HESX1	6.869435614	8.440480409	5.971548735	8.365084929	1074.504512
HHEX	4489.488986	245.8936654	105.0214682	1914.137567	94.43877672
HIC1	5.092351833	15.68354842	5.971548735	7.017818913	12.15568636
HIST1H2AE	35.26722995	14.84822972	45.64822436	8.28188422	41.34339654
HIST1H2BG	17.44318854	68.37610587	190.054614	23.39236935	137.8269375
HK3	12.94364358	222.5053519	12.81515335	3103.136582	294.1705912
HLA-DOB	6607.334733	230.4248523	47.963256	102.1825691	2006.948626
HLA-DQA1	942.7749076	219.2102706	106.9349988	275.3534268	6417.316621
HMGB3P30	30.97425375	38.72002482	52.31915781	27.19577484	53.61427074
HNMT	61.73602193	26.91293797	11.06762282	815.4265044	279.1068543
HOXA1	12.90856012	11.76733746	6.91970575	10.68723722	8.30653615
HPGDS	203.7910498	177.6752993	182.147041	36.75265198	125.1233721
HPSE	30.8024485	29.9724331	207.2614073	1285.833086	30.84139727
HRH1	206.5394742	54.07639831	101.1491714	72.1745748	128.2673018
HSPA6	70.64960056	184.8377232	21.31200497	641.2142131	20.58127818
HTR2B	6.171513508	30.97175272	5.822857646	13.85052231	382.9194372
ICA1	191.4053509	133.7203845	289.2721081	183.2555042	190.5740318
ICOS	6.458825767	12.554434	786.5967435	5.362446048	6.159261216
IDO1	241.0650179	667.1972433	248.9097098	269.4662793	20536.85787
IFI44L	24.57422621	302.4006942	127.385545	307.8493777	4019.777684
IFNA10	63.51120873	8.565645005	13.99751273	13.10429637	8.554973126
IFNG	233.2462403	247.3486217	142.1822906	108.1486375	92.78571972
IGHD	10811.41236	32.58210537	26.14159933	50.4303708	56.63839916
IGHE	18.17410575	19.3650878	54.27863199	25.291882	14.94842
IGHM	21960.79819	162.309451	156.9391502	127.0436672	41.25586808
IGKC	27164.52012	324.3571791	40.36292074	318.0695055	223.333702
IGLL3P	6633.535586	33.45486904	41.51758679	70.0394246	142.2968228
IGSF6	46.07125476	100.2893009	48.71083673	2662.140929	1231.557711
IL12B	105.275436	85.58316556	59.255418	42.42610973	2407.546497
IL12RB2	13.44126834	594.0469774	106.8888316	20.50390251	10.65230466
IL17A	24.10976356	9.511607877	6.560415317	7.929351943	8.556203816
IL18R1	32.74521328	829.4466231	243.8532814	19.50301241	21.814318
IL18RAP	63.16533501	6172.262928	275.2312246	92.02184739	89.09515062
IL1A	207.8094975	81.80415638	89.41077945	61.10993853	387.9719904
IL1B	508.1423339	250.0432905	251.1017935	1257.182131	2781.903216
IL1RL1	161.2444569	65.350782	70.12950502	37.42366918	44.282995
IL21	346.0439646	38.68027919	81.58442785	103.5720427	62.52092002
IL26	6.120665994	7.691378335	9.532387256	3.424557859	4.531899492
IL2RA	151.2654723	42.04435301	360.4452087	25.41115885	2221.900378
IL2RB	2118.459057	18026.39249	2988.605281	321.9612928	366.1434094
IL3	20.12785138	13.59206642	8.603842518	11.52632712	12.94335151
IL4	10.0823446	12.25198156	10.77863651	8.872339575	9.284199738
IL4R	11009.29392	851.30019	1148.814515	1192.215763	2410.484546
IL5	6.618252721	8.169496573	35.07363094	11.47899088	22.53916948
IL5RA	122.2890422	45.67953351	63.93112851	41.02366335	55.86616787
IL7	250.9247833	24.76130902	69.25499148	51.3943268	143.5066148
IL7R	277.7164299	1159.340489	18085.9446	163.3050166	7799.647099
IL9	60.05830259	45.8168679	89.90011254	15.74553195	34.55584304
IRF8	9506.386392	1625.377439	45.41225697	2458.705658	2798.258545
ITK	468.9985735	3056.935046	7704.627853	124.1014103	166.1778128
KCNA3	306.2764477	411.3943392	975.6549806	143.5528595	24.00174244
KCNG2	12.5310046	17.88167287	12.07805481	18.84293691	15.52250872
KIAA0226L	7209.224512	54.34410784	64.8769987	176.3964323	43.42734643
KIAA0754	9.870549848	151.0455484	7.879203828	44.79047534	4.64920776
KIR2DL1	7.406441697	281.9844186	6.332890006	5.116435124	7.023482621
KIR2DL4	331.7763894	602.9726262	79.00529624	128.8246048	151.8311567
KIR2DS4	621.6999538	1172.82887	120.4987696	129.0849772	106.7559176
KIR3DL2	12.24576038	511.2935608	9.251047619	11.38893073	9.637544809
KIRREL	15.52894714	18.20868192	9.694581053	13.64075973	11.31192453
KLRB1	119.5727193	12957.39238	10026.23944	90.24623781	37.00213293
KLRC3	13.84066629	1485.991589	32.02053189	12.58558886	9.447726589
KLRC4	68.25016134	205.1777143	17.67634993	20.05492885	5.35636677
KLRD1	204.0068731	7278.146564	207.8812187	81.02147756	61.79015112
KLRF1	153.1504496	10475.7852	127.2371142	100.1145382	65.02829076
KLRG1	1351.157456	1700.856514	1939.944493	305.4474128	224.2019093
KLRK1	670.2708554	8790.503534	276.2455792	78.91616578	47.2591819
KRT18P50	23.97041806	23.74696304	22.87490438	58.20626127	51.62553838
KYNU	296.2994306	70.07148215	39.20610994	858.7450615	7308.577846
LAG3	36.29565926	139.8539928	175.1856105	7.92284356	215.1741661
LAIR2	424.4791722	1596.837227	371.0335929	103.0030242	78.2599751
LAMP3	47.28278554	210.8261404	160.3048593	38.76231871	23356.30643
LAT	157.4129632	1722.578313	3282.260737	239.5833162	218.7467931
LCK	337.4400897	3604.565205	7786.120969	80.75884433	57.6156067
LEF1	30.90820518	115.1927029	1154.223661	12.54164279	16.8510481
LHCGR	154.6890469	21.7148195	8.255798098	11.47012114	21.31678215
LILRA2	20.88194891	101.3950793	18.02258618	1764.823942	67.56872756
LILRA3	7.153043448	20.37949338	6.052620848	880.456908	394.9475489
LILRA4	33.02123349	19.49828414	57.84876862	65.68769791	31.18408975
LILRB2	30.88657745	201.7195756	9.996682874	3344.118855	291.7908682
LIME1	23.92087663	181.4780792	1225.59738	78.16252525	48.5118084
LINC00597	15.98296208	128.013785	3.681017104	23.18626902	6.369784788
LINC00921	675.1218227	116.2458441	146.1436716	69.03803764	30.69076634
LOC100130100	19.84751256	10.35285767	16.09778833	16.13831431	15.35656506
LOC126987	135.5693196	86.37729281	91.28169833	68.19210687	91.89975985
LRMP	2106.83981	1245.630394	327.4987971	1048.681062	114.6747087
LST1	29.98420127	672.9594285	332.3730932	5975.189254	946.6004764
LTA	11.68110017	24.18839952	27.69750654	12.51621864	12.82463268
LTB	10351.64143	1009.906661	12009.36242	321.3564756	112.0607213
LTC4S	61.1295924	162.8566162	78.40840372	91.87551209	67.02300291
LY86	6947.982466	243.1158973	198.5520941	5218.063407	601.1020453
LY9	289.0732036	271.972779	1298.433446	30.00087721	32.7996725
MAGEA11	21.99996581	19.87971163	46.81934	5.93274616	7.145470373
MAK	20.11347878	11.47152467	9.822978292	24.81417634	54.01241952
MAN1A1	293.5258353	381.9911766	219.4246857	205.5255231	444.6270407
MANEA	3.436589508	72.1721013	63.61546587	67.09972733	130.2198315
MAP3K13	5.152513024	7.176074961	6.382539853	7.051783275	195.7507332
MAP4K1	48.65001463	747.3149188	1387.561664	317.9668785	23.10683533
MAP4K2	10.65044684	11.12538801	20.0115018	12.04202684	11.22679921
MAP9	10.29840785	37.63679768	25.30523597	1.421006596	2.772555856
MARCH3	611.9846331	190.5710992	78.59525306	103.5658121	125.2511774
MARCO	9.029403736	16.1160018	10.71025113	236.7362055	15.15488638
MAST1	9.251047619	10.71480628	8.220261044	8.492607794	7.654391457
MBL2	59.05366978	14.15214366	6.171513508	4.939369175	23.80513621
MEFV	27.28348256	19.76334445	12.67206304	552.7124986	10.86423794
MEP1A	939.6261506	85.62849683	141.2290524	98.26125945	321.8834531
MGAM	8.043975587	314.5412721	6.159428432	159.713285	6.625392634
MICAL3	328.9820884	40.04773519	126.6902267	15.57018571	22.58563747
MMP12	746.9258791	98.16379	114.8747346	95.85109514	3929.353984
MMP25	136.2875659	149.937847	168.1540221	446.4796965	1130.6098
MMP9	338.94428	688.2490954	395.4202673	335.4295326	2899.726139
MNDA	29.5032353	790.3716005	8.750532337	11447.56145	2133.559627
MROH7	23.05515036	19.11115142	31.49065027	31.92868262	29.81710869
MS4A1	18085.9446	193.3316222	220.8581711	128.6338935	122.1899811
MS4A2	151.2024037	93.27967612	111.3833723	52.17720971	95.08035664
MS4A3	121.2914634	592.6171613	40.41954215	23.55316735	21.23223044
MS4A6A	1102.971199	222.7095319	216.3694922	8814.800982	167.4361623
MSC	28.93411812	60.98475714	85.70898291	47.46789206	1844.921425
MXD1	22.77650595	201.8229525	110.942725	250.0158171	247.6648431
MYB	365.4798555	615.5214621	269.6240292	300.7619354	366.9910132
MZB1	46.81934	21.76048739	9.914966708	24.85648896	22.41174764
NAALADL1	11.62316713	344.9584692	147.3280124	31.52382891	17.6608551
NCF2	153.4955828	483.3850653	88.17850315	12280.85608	3147.592954
NCR3	152.0118385	1482.733424	411.610723	56.94572009	33.09868234
NFE2	6.094544149	134.3635052	33.47001344	1517.644033	11.95985661
NIPSNAP3B	1577.975004	152.7729655	137.6053305	89.57172242	124.3434718
NKG7	6.994769751	13911.17937	679.6910465	34.65463899	6.557717872
NLRP3	22.14183418	44.60257144	48.05321317	636.6292677	19.68892684
NMBR	507.384036	29.15508056	31.0595517	77.85728222	17.42986379
NME8	4.031081011	253.5462988	3.210667699	14.82529394	7.978826221
NOD2	6.932520098	178.2578801	124.1410057	1302.129171	249.2072515
NOX3	12.00966261	7.475615219	9.107287855	11.17305851	7.139098203
NPAS1	18.22767575	12.18029946	20.72030953	14.37797149	15.18946538
NPIPB15	1624.147916	288.973686	753.235961	176.7823779	154.0423997
NPL	18.58723205	98.03373398	77.75838355	856.4061947	469.3198548
NR4A3	136.961868	81.37480444	96.79674591	91.30097224	2205.779288
NTN3	6.560415317	5.960532656	11.48733325	8.728208573	7.932018996
NTRK1	13.56995609	9.510068915	15.01956589	11.91460935	8.220089782
ORC1	23.68477152	28.16743979	49.69010165	42.26892867	20.24691855
OSM	2.05303015	2.264192614	4.818030863	4.071675747	3.537000212
P2RX1	161.7246112	133.7653785	119.891114	686.8592062	57.63014286
P2RX5	9725.14216	507.7460936	770.0178375	175.5409499	35.5352843
P2RY10	436.5800269	236.9914349	516.3687437	20.95780349	142.7074755
P2RY13	9.195676707	76.92819841	6.469992914	2786.279688	8.194297426
P2RY14	1638.857158	214.6448472	75.4038863	51.7107481	24.7275648
P2RY2	11.65755142	14.83438983	11.41545947	172.1808803	14.59353766
PADI4	10.86384541	117.7115047	15.94453415	765.8740271	36.58022188
PAQR5	23.55278029	16.92537277	15.95742958	14.23047428	15.76945271
PASK	513.8685117	194.6949707	2312.349458	146.7089795	188.6396292
PAX7	67.60022415	13.99767158	42.55469556	38.03678229	32.68914412
PBXIP1	399.906182	527.8700969	3186.537019	253.4748335	562.838958
PCDHA5	5.122171371	10.21122017	33.86467066	10.28963858	6.045929382
PDCD1	103.8732743	128.5338061	149.0261337	153.2622842	122.1858671
PDCD1LG2	17.24705732	22.01108215	11.03474465	14.01790012	813.7897771
PDE6C	0.972464723	14.89875645	6.212037366	4.556478651	10.57243953
PDK1	32.80967907	32.92518869	121.1522918	25.63097887	22.47364617
PGLYRP1	18.90822468	99.27421716	15.62904812	13.97992365	16.05671329
PIK3IP1	2462.087898	1203.06945	4353.539533	647.7544918	259.7420759
PKD2L2	9.70690203	10.97872887	11.46263134	13.39656756	14.50853995
PLA1A	35.62073897	25.1394749	7.843078446	59.35576681	647.1074354
PLA2G7	100.7324553	73.09936856	36.51263796	1290.202807	5086.100024
PLCH2	31.91347153	152.093623	136.8549573	47.06577352	30.87091818
PLEKHF1	39.92144865	1513.840196	508.7385617	45.53332862	34.5707663
PLEKHG3	11.39071505	855.4915686	559.7419793	417.6498993	21.42126529
PMCH	12.39999002	6.727160344	14.81798486	9.49164333	11.88490948
PNOC	4198.527432	65.36645851	65.69416471	230.8474814	98.82686845
PPBP	112.7304414	37.90535113	58.2388091	80.46672814	211.9393609
PPFIBP1	68.77420162	21.69814253	26.78347553	24.45704984	76.72712856
PRF1	201.9573668	26164.60132	2130.073632	142.7487889	103.9210768
PRG2	98.84281244	70.81916153	139.1010495	117.086355	89.83062765
PRR5L	114.4648121	1048.389642	230.07536	109.1297143	77.23080779
PSG2	1541.92252	148.4491223	214.8615441	170.0696655	146.2605667
PTGDR	84.74897834	1627.918557	135.8294143	36.25887091	29.80079173
PTGER2	47.37880726	2983.001501	4236.414392	1154.310555	826.8557439
PTGIR	32.06615205	31.06375629	59.60491785	482.8617503	1333.258674
PTPRCAP	4113.169696	3602.345527	4607.979618	35.76573661	51.69649463
PTPRG	106.5825021	8.39063172	3.949271467	6.373268195	18.24345684
PVRIG	874.708657	4533.058778	1786.799569	99.88281165	96.69210326
QPCT	15.58990295	69.39293926	22.22269743	1499.926054	420.5800847
RAB27B	7.831610308	91.19546276	35.43354856	6.931516995	29.73319865
RALGPS2	1597.105013	54.56356691	23.42229647	44.85995177	39.5414463
RASA3	10.56154776	212.7904928	327.8466714	93.34350756	12.32264713
RASGRP2	5911.213148	1363.762146	2855.39049	759.9791832	130.5735306
RASGRP3	458.3600431	15.51147933	13.66874699	11.43917669	1037.512659
RASSF4	22.67712362	228.5281547	19.66949919	672.1035142	2481.685967
RCAN3	46.66611859	7.23560514	566.9862725	41.68337282	106.6270408
REN	63.75570668	26.14898837	42.47010982	31.44891199	25.18446444
RENBP	53.60553688	20.43861955	34.34525827	215.0882638	113.6596094
REPS2	40.36292074	16.00616409	18.95216894	153.2877211	43.11555986
RGS1	180.1991847	147.0419785	1496.611591	64.44174947	3515.825678
RGS13	71.26574474	36.27118978	22.22269743	18.73599553	34.67367816
RNASE2	186.4718703	663.0545505	98.76355416	3614.28076	145.7209604
RNASE6	1799.683549	84.58792101	64.4438491	4038.448716	853.6151668
RPL10L	36.038732	91.27669248	588.7015627	95.70491339	75.52316136
RPL3P7	76.85048537	256.6761145	3370.859953	109.4607889	74.47742389
RRP12	12.81515335	20.59701131	14.31729413	288.3451691	11.84870047
RRP9	9.544532505	53.29234769	49.53085908	36.13230183	16.43308988
RSAD2	215.2283477	300.3481477	222.8577454	334.986335	7545.527873
RYR1	108.5578105	38.11141231	134.9186388	128.5919034	105.5402507
S100A12	190.663133	1088.208915	78.96882194	11149.65069	138.8702312
S1PR5	7.997120003	587.6581174	6.547727883	6.788452669	7.668039292
SAMSN1	197.0884279	1266.566015	1660.128114	1412.29406	7507.176097
SCN9A	7.11928632	11.24582219	6.409332909	6.128985193	6.084883035
SEC31B	64.80136266	248.3195373	63.79022174	136.5478618	29.75143595
SELL	11102.0298	5741.494585	7104.510327	7242.740165	137.3301011
SEPT5	10.89927471	19.49414625	37.98662268	16.50408571	25.86887464
SEPT8	27.7175438	26.97577912	35.93880485	15.62108755	19.83223519
SERGEF	15.69138202	64.18194259	28.58789254	20.42165917	19.0610534
SH2D1A	30.86641388	1296.002366	1354.892078	18.41801556	27.6285163
SIGLEC1	258.3004281	98.8058291	91.07262834	279.3221994	2742.909524
SIK1	5471.704926	457.6523281	410.006561	544.8091055	228.1768122
SIRPG	74.41451203	98.34637628	1148.814515	54.8626275	83.9411784
SIT1	759.1593175	115.1265171	1612.60149	99.63796028	77.55169941
SKA1	4.914356682	17.19149842	1.658857567	3.198489691	4.751056832
SKAP1	1378.742233	2037.376281	2395.678989	155.1060459	153.5290423
SLAMF1	762.0351121	114.1243297	1081.526073	111.9089299	801.5218011
SLAMF8	156.6501475	170.4258874	101.4058634	166.4059352	358.4664294
SLC12A1	89.4899425	3.639923264	11.20330491	3.335133412	1.786805461
SLC12A8	7.225818568	10.14791696	3.740216058	11.98809147	52.24193196
SLC15A3	9.050871942	11.74522644	19.36453188	1682.54452	4650.121848
SLC2A6	112.56368	70.73672817	15.58990295	623.8936693	1981.204438
SLC7A10	66.78073716	31.85028897	53.12123129	34.30894984	53.05335639
SLCO5A1	118.7296898	73.09344194	70.96791001	40.69340961	1056.080519
SMPD3	70.72102235	89.68398839	47.62155017	35.63627466	53.33653667
SMPDL3B	2.724372492	4.588512766	3.847184414	4.661740608	4.248305374
SOCS1	27.14793524	49.70265419	117.8166952	20.71591309	398.8444411
SP140	881.125548	411.7724421	549.3361922	107.9949811	212.573622
SPAG4	16.39614273	8.399871249	64.66029759	16.94563165	50.70004672
SPIB	3945.300733	106.9259138	74.71026363	116.3915428	40.31588104
SPOCK2	1531.023729	995.6524365	3212.756292	263.011432	217.0461442
SSX1	1.658857567	2.161370142	2.493139629	5.167103334	26.61872738
ST3GAL6	66.60162565	27.10829	6.482478073	357.9772296	1251.448838
ST6GALNAC4	264.3270269	240.2635016	398.8717851	195.8463286	182.6270057
ST8SIA1	50.56172691	6.718345522	278.4319646	8.218778885	14.96016422
STAP1	3534.504408	299.8706305	110.856908	21.15804952	120.7564143
STEAP4	4.42067119	8.756230575	2.346954138	111.873397	4.304290172
STXBP6	16.73521702	10.56909	21.45135324	12.89610083	14.61020736
TARDBPP1	42.03948876	13.59143299	38.53463959	9.112054424	22.03505447
TBX21	504.1990666	4208.888552	522.1073862	273.2767975	178.261254
TCF7	32.1556293	415.1493446	3207.171426	18.65570294	55.65274077
TCL1A	12117.94539	104.9994128	105.523008	161.4604075	122.3968151
TEC	11.26237461	20.22252914	9.646923918	16.29861436	21.16569802
TEP1	13.00060521	181.4004368	95.04661844	16.10571842	12.2359858
TGM5	60.12655552	56.85336746	47.09380347	64.53380501	77.88602952
TLR2	81.54272739	138.3345347	126.8421582	4560.185304	487.1255361
TLR7	49.81426014	31.8438018	9.70690203	570.6516022	60.11520175
TLR8	7.582193721	5.825720142	6.830950912	1522.070253	667.192622
TMEM156	574.4981382	138.8828404	152.9758784	23.45170307	23.225842
TMEM255A	64.48080982	49.63841616	22.20688826	66.84987758	979.6564849
TNFAIP6	267.9179363	123.7740746	94.24800971	233.4391136	8826.486407
TNFRSF10C	44.84631996	20.06638784	57.28934706	237.9058901	48.90501431
TNFRSF11A	50.02783296	86.12792797	22.07591774	17.83610862	708.1258587
TNFRSF13B	502.6927279	227.5044918	120.0804247	188.0078881	186.0239287
TNFRSF17	22.5997525	12.50971798	13.44126834	10.1098504	17.5240948
TNFRSF4	15.01956589	195.89287	524.4770391	17.76981387	1646.191207
TNFSF14	10.0823446	362.1020637	59.18404696	35.07227527	8.691520443
TNIP3	14.12983303	18.25984636	30.8024485	14.52350675	47.4835514
TPSAB1	1102.29779	465.2204213	284.8186666	543.6290931	396.8599394
TRAC	572.5113556	815.6846136	15532.16188	208.9784165	255.9384554
TRAF4	194.7986362	54.5480586	88.21790387	28.30245079	30.04309979
TRAT1	13.5847049	25.38745132	2578.359018	6.845897848	29.29706627
TRAV12-2	13.14017301	11.08896426	100.6104917	10.63253287	11.68801662
TRAV13-1	88.73958185	42.45202479	881.5627754	29.72104173	36.23428561
TRAV13-2	72.69074036	44.35066443	639.8040504	56.85541485	67.13601356
TRAV21	119.891114	55.8763643	765.2981535	51.31601583	17.85858588
TRAV8-6	24.5564624	18.30217166	396.1200681	34.39428346	22.76541274
TRAV9-2	60.43870697	56.17040361	911.8379139	47.77691068	33.54720142
TRBC1	575.8478308	4520.50562	10179.78364	78.94320693	145.715446
TRDC	88.17850315	10797.21174	781.3316356	61.01801703	30.42258616
TREM1	415.2301184	79.85743138	67.49889477	1775.188919	317.7853076
TREM2	17.00788201	13.80468131	16.93010618	24.23855513	928.15125
TREML2	70.53816317	55.01920603	18.783374	40.72889444	27.32785335
TRIB2	1848.219528	1307.778436	2377.362513	123.0323791	126.8179678
TRPM4	7.691250656	7.443654876	9.463569762	18.36114786	34.88330592
TRPM6	45.92245257	22.10779339	31.1038533	35.69642216	33.4402678
TSHR	19.81562324	20.15779147	13.71677829	14.29339998	22.62901303
TTC38	24.85041048	2894.462666	26.49834722	105.6462644	143.9588074
TXK	309.7698509	1564.533681	426.3148568	62.96991111	85.15990882
TYR	15.49172903	71.99864479	197.0884279	14.06800259	12.31353089
UBASH3A	10.12600478	6.038374156	714.9395195	6.105136566	5.677166893
UGT1A8	680.5299008	78.13378227	123.3281827	91.50678971	54.24689175
UGT2B17	29.46022982	4.743273044	5.598819437	7.244351309	9.056114065
UPK3A	15.1818271	10.8839878	13.64441885	215.8718015	15.10114829
VILL	29.52223049	215.5413192	500.1222764	97.78124023	20.96596084
VNN1	22.95842907	62.57962649	11.49823256	1024.700138	37.60366073
VNN2	64.9845649	600.7634958	87.43886769	3300.115435	7.339096499
VNN3	30.92999926	22.08322245	28.54732378	187.5997533	20.43299213
VPREB3	3778.568055	126.7365483	166.1221545	136.159858	129.4706451
WNT5B	11.75096777	6.098592957	8.393614631	15.97840064	132.7650466
WNT7A	12.86019319	11.09709075	87.39996412	56.25300857	28.44004811
ZAP70	13.7050941	4781.948859	2667.26621	38.05970681	26.83408716
ZBP1	35.84871042	499.9477503	162.5267903	24.54237397	25.50635842
ZBTB10	152.6895498	122.4353858	91.36792646	62.01375558	773.9507313
ZBTB32	9.857216379	16.3475771	7.771095444	10.52648555	71.90536722
ZFP36L2	923.602815	915.0156182	3731.327234	1341.516598	124.3001947
ZNF135	94.28786122	151.1023562	15.80624293	3.860059178	2.420046884
ZNF165	6.421545431	7.023083197	2.724372492	2.66873461	1.83777562
ZNF204P	77.87689746	37.01330204	168.8951305	29.90974572	36.16594047
ZNF222	9.800664188	92.27882159	15.0813304	19.8606097	39.91834899
ZNF286A	737.8599039	225.4077006	169.3131278	11.04393742	280.7699313
ZNF324	28.21199417	44.94117978	27.16912681	28.71444884	23.83651935
ZNF442	19.71319664	21.77015125	9.182953598	12.30022875	96.00867374
